4 0.718519 0.961574 0.142593 0.076852
4 0.578704 0.961574 0.114815 0.076852
4 0.424074 0.961574 0.124074 0.076852
4 0.27037 0.961574 0.12037 0.076852
4 0.882407 0.911574 0.181481 0.176852
4 0.897685 0.738426 0.20463 0.123148
4 0.816204 0.748148 0.234259 0.142593
4 0.686111 0.748148 0.162963 0.142593
4 0.55463 0.749074 0.088889 0.144444
4 0.403704 0.749074 0.109259 0.144444
4 0.181944 0.838426 0.363889 0.323148
4 0.137037 0.75 0.261111 0.146296
4 0.086574 0.725 0.173148 0.096296
4 0.039352 0.693519 0.078704 0.033333
4 0.944907 0.701852 0.110185 0.053704
4 0.947685 0.602778 0.10463 0.003704
