0 0.665741 0.438889 0.014815 0.038889
0 0.24537 0.419444 0.007407 0.018519
0 0.144444 0.419444 0.009259 0.018519
0 0.493519 0.405556 0.007407 0.027778
0 0.381481 0.40463 0.009259 0.02963
0 0.768519 0.322222 0.024074 0.064815
1 0.169444 0.416667 0.011111 0.012963
1 0.465741 0.407407 0.011111 0.02037
1 0.647222 0.390741 0.011111 0.02037
1 0.828704 0.310185 0.074074 0.011111
2 0.5 0.513426 0.02037 0.012037
2 0.44537 0.51713 0.02963 0.023148
3 0.30463 0.542593 0.033333 0.064815
4 0.946759 0.840278 0.106481 0.082407
4 0.865278 0.899537 0.269444 0.200926
4 0.655556 0.899537 0.172222 0.200926
4 0.414815 0.899537 0.138889 0.200926
4 0.199074 0.899537 0.244444 0.200926
4 0.079167 0.87037 0.158333 0.142593
