4 0.865278 0.891204 0.219444 0.217593
4 0.883333 0.781481 0.224074 0.142593
4 0.921296 0.75 0.157407 0.098148
4 0.201852 0.840278 0.287037 0.319444
4 0.924074 0.683333 0.075926 0.02037
4 0.87037 0.684259 0.057407 0.022222
4 0.80463 0.683333 0.055556 0.02037
4 0.759259 0.692593 0.061111 0.038889
4 0.544444 0.752778 0.075926 0.166667
4 0.539352 0.735185 0.04537 0.112963
4 0.378704 0.752778 0.114815 0.166667
4 0.597222 0.751852 0.074074 0.168519
4 0.594444 0.703704 0.046296 0.05
4 0.466204 0.751852 0.05463 0.168519
4 0.869444 0.628704 0.12963 0.040741
4 0.800926 0.627778 0.111111 0.038889
4 0.732407 0.627778 0.092593 0.038889
4 0.662963 0.627778 0.075926 0.038889
4 0.594444 0.627778 0.057407 0.038889
4 0.525 0.627778 0.037037 0.038889
4 0.451852 0.627778 0.042593 0.038889
4 0.206944 0.804167 0.413889 0.391667
4 0.313889 0.627778 0.077778 0.038889
4 0.243981 0.627778 0.093519 0.038889
4 0.175926 0.627778 0.116667 0.038889
4 0.10463 0.628704 0.140741 0.040741
4 0.05787 0.625 0.115741 0.033333
