4 0.935648 0.8375 0.128704 0.117593
4 0.968981 0.797222 0.062037 0.040741
4 0.687963 0.883796 0.185185 0.232407
4 0.672222 0.876852 0.098148 0.144444
4 0.575463 0.883796 0.126852 0.232407
4 0.449074 0.883796 0.081481 0.232407
4 0.327778 0.883796 0.135185 0.232407
4 0.762963 0.782407 0.12037 0.118519
4 0.731481 0.681481 0.138889 0.07963
4 0.635185 0.681481 0.101852 0.07963
4 0.537963 0.681481 0.059259 0.07963
4 0.430556 0.681481 0.07037 0.07963
4 0.193981 0.820833 0.387963 0.358333
4 0.235185 0.681481 0.15 0.07963
4 0.135185 0.682407 0.194444 0.081481
4 0.077315 0.675 0.15463 0.066667
4 0.038426 0.655556 0.076852 0.027778
4 0.944907 0.660185 0.110185 0.040741
4 0.906944 0.67963 0.186111 0.07963
4 0.829167 0.67963 0.176852 0.07963
