0 0.088889 0.45463 0.012963 0.025926
0 0.625926 0.452778 0.012963 0.02963
0 0.82037 0.441667 0.024074 0.025926
0 0.409259 0.426852 0.005556 0.022222
0 0.67037 0.386111 0.012963 0.037037
0 0.82037 0.369444 0.027778 0.088889
1 0.098148 0.487037 0.012963 0.012963
1 0.612037 0.415741 0.007407 0.014815
1 0.700926 0.383333 0.044444 0.005556
1 0.800926 0.282407 0.018519 0.033333
2 0.443519 0.513889 0.02963 0.02963
3 0.269444 0.561111 0.040741 0.101852
4 0.4875 0.885648 0.975 0.228704
4 0.055093 0.633333 0.110185 0.035185
4 0.699074 0.637037 0.092593 0.046296
4 0.624537 0.637037 0.069444 0.046296
4 0.550926 0.637037 0.048148 0.046296
4 0.471296 0.637037 0.040741 0.046296
4 0.397222 0.637037 0.062963 0.046296
4 0.324074 0.637037 0.087037 0.046296
4 0.249537 0.637037 0.108333 0.046296
4 0.175926 0.637037 0.131481 0.046296
4 0.102778 0.638889 0.151852 0.05
