2 0.502778 0.513889 0.022222 0.018519
3 0.593981 0.533333 0.010185 0.02037
4 0.943519 0.968981 0.081481 0.062037
4 0.169444 0.890278 0.203704 0.219444
4 0.038426 0.67963 0.076852 0.031481
4 0.380556 0.719444 0.107407 0.114815
4 0.174074 0.831019 0.342593 0.337963
4 0.143519 0.721296 0.22963 0.118519
4 0.084722 0.706019 0.169444 0.087963
4 0.914352 0.701852 0.171296 0.083333
4 0.858796 0.716667 0.228704 0.112963
4 0.743981 0.716667 0.173148 0.112963
4 0.628704 0.717593 0.118519 0.114815
4 0.507407 0.718519 0.068519 0.116667
4 0.956019 0.675926 0.087963 0.035185
