1 0.855556 0.494444 0.016667 0.053704
1 0.85 0.434259 0.024074 0.055556
2 0.308333 0.534259 0.051852 0.033333
2 0.44537 0.513889 0.02963 0.02963
3 0.344444 0.539815 0.024074 0.062963
4 0.117593 0.611111 0.085185 0.024074
4 0.656481 0.608333 0.055556 0.025926
4 0.597222 0.608333 0.044444 0.025926
4 0.539815 0.608333 0.033333 0.025926
4 0.478704 0.608333 0.02963 0.025926
4 0.420833 0.609259 0.041667 0.027778
4 0.361111 0.609259 0.053704 0.027778
4 0.302778 0.609259 0.066667 0.027778
4 0.244444 0.609259 0.07963 0.027778
4 0.185185 0.609259 0.090741 0.027778
