0 0.721296 0.459259 0.011111 0.016667
0 0.141667 0.460185 0.011111 0.022222
0 0.607407 0.459259 0.009259 0.024074
0 0.635185 0.409259 0.009259 0.031481
0 0.72037 0.410185 0.016667 0.059259
1 0.886111 0.45 0.033333 0.064815
1 0.711111 0.346296 0.009259 0.016667
2 0.441667 0.51713 0.02963 0.023148
2 0.029167 0.512963 0.058333 0.027778
3 0.190741 0.55 0.024074 0.042593
3 0.188889 0.523148 0.02037 0.011111
3 0.263889 0.562037 0.044444 0.1
4 0.8 0.81713 0.351852 0.365741
4 0.375926 0.638889 0.494444 0.016667
4 0.627778 0.588889 0.035185 0.016667
4 0.577778 0.588889 0.031481 0.016667
4 0.530556 0.588889 0.025926 0.016667
4 0.480556 0.588889 0.022222 0.016667
4 0.433333 0.588889 0.027778 0.016667
4 0.385185 0.588889 0.035185 0.016667
4 0.337037 0.588889 0.042593 0.016667
