1 0.918519 0.494444 0.02037 0.061111
1 0.910185 0.423148 0.033333 0.066667
2 0.298148 0.535185 0.075926 0.042593
2 0.499074 0.513889 0.022222 0.011111
2 0.44537 0.515741 0.02963 0.02963
3 0.346296 0.534259 0.024074 0.048148
4 0.677778 0.624074 0.072222 0.035185
4 0.54537 0.624074 0.040741 0.035185
4 0.475926 0.624074 0.035185 0.035185
4 0.408796 0.624074 0.049074 0.035185
4 0.343519 0.624074 0.066667 0.035185
4 0.275 0.624074 0.077778 0.035185
4 0.212037 0.625 0.1 0.037037
4 0.141667 0.625 0.122222 0.037037
4 0.075926 0.625 0.138889 0.037037
4 0.043981 0.618519 0.087963 0.024074
4 0.611111 0.621296 0.057407 0.040741
