2 0.501852 0.517593 0.024074 0.022222
3 0.597222 0.535185 0.011111 0.016667
4 0.98287 0.802778 0.034259 0.022222
4 0.947685 0.842593 0.10463 0.101852
4 0.582407 0.886574 0.12963 0.226852
4 0.698148 0.885648 0.190741 0.228704
4 0.681481 0.883796 0.101852 0.149074
4 0.455556 0.885648 0.07963 0.228704
4 0.331481 0.885648 0.135185 0.228704
4 0.813426 0.831481 0.163889 0.161111
4 0.205093 0.845833 0.275 0.308333
4 0.414815 0.658333 0.064815 0.059259
4 0.190278 0.814352 0.376852 0.371296
4 0.24537 0.659259 0.125926 0.061111
4 0.160185 0.659259 0.155556 0.061111
4 0.084722 0.659259 0.169444 0.061111
4 0.049537 0.64537 0.099074 0.033333
4 0.948611 0.643519 0.102778 0.033333
4 0.914352 0.655556 0.171296 0.057407
4 0.837037 0.655556 0.153704 0.057407
4 0.755556 0.656481 0.127778 0.059259
4 0.672222 0.656481 0.098148 0.059259
4 0.589815 0.656481 0.07037 0.059259
4 0.50463 0.657407 0.044444 0.061111
