0 0.152778 0.462037 0.011111 0.022222
0 0.602778 0.460185 0.011111 0.022222
0 0.70463 0.415741 0.014815 0.051852
1 0.831481 0.456481 0.024074 0.055556
2 0.020833 0.519444 0.041667 0.018519
2 0.441667 0.513889 0.02963 0.02963
2 0.053704 0.512037 0.061111 0.025926
3 0.209259 0.543519 0.02037 0.037037
3 0.206944 0.519444 0.015741 0.007407
3 0.268519 0.550926 0.042593 0.081481
4 0.794444 0.811574 0.364815 0.376852
4 0.496296 0.618519 0.214815 0.001852
4 0.329167 0.637037 0.117593 0.038889
4 0.569907 0.580556 0.026852 0.014815
4 0.526852 0.580556 0.022222 0.014815
4 0.481481 0.580556 0.02037 0.014815
4 0.438426 0.580556 0.025 0.014815
