4 0.954167 0.85 0.091667 0.090741
4 0.7 0.895833 0.194444 0.208333
4 0.575926 0.895833 0.127778 0.208333
4 0.448148 0.895833 0.083333 0.208333
4 0.303704 0.895833 0.164815 0.208333
4 0.79213 0.811111 0.141667 0.142593
4 0.027315 0.659259 0.05463 0.02037
4 0.95787 0.663889 0.084259 0.033333
4 0.915278 0.685648 0.169444 0.076852
4 0.850926 0.691667 0.2 0.088889
4 0.747222 0.691667 0.155556 0.088889
4 0.643056 0.692593 0.110185 0.090741
4 0.540741 0.692593 0.064815 0.090741
4 0.425926 0.692593 0.075926 0.090741
4 0.191204 0.823611 0.382407 0.352778
4 0.219444 0.692593 0.166667 0.090741
4 0.110648 0.693519 0.221296 0.092593
4 0.070833 0.677778 0.141667 0.061111
4 0.949537 0.600926 0.100926 0.003704
