1 0.576852 0.49537 0.018519 0.018519
4 0.924537 0.853704 0.150926 0.135185
4 0.811574 0.891204 0.250926 0.217593
4 0.597222 0.889352 0.133333 0.221296
4 0.35463 0.8875 0.185185 0.225
4 0.147685 0.886574 0.29537 0.226852
4 0.073611 0.824074 0.147222 0.109259
4 0.150926 0.70463 0.07037 0.025926
4 0.318056 0.709259 0.037963 0.038889
4 0.099074 0.702778 0.081481 0.02963
4 0.035185 0.701852 0.064815 0.031481
4 0.709259 0.695833 0.077778 0.069444
4 0.238889 0.683333 0.094444 0.068519
4 0.376852 0.647222 0.07963 0.092593
