0 0.656481 0.467593 0.007407 0.018519
0 0.334259 0.387037 0.014815 0.024074
0 0.227778 0.351852 0.035185 0.101852
1 0.253704 0.472222 0.012963 0.046296
1 0.236111 0.472222 0.007407 0.046296
1 0.234259 0.418519 0.011111 0.016667
1 0.271296 0.385185 0.033333 0.016667
1 0.331481 0.369444 0.05 0.007407
1 0.237963 0.251852 0.007407 0.027778
3 0.664815 0.528704 0.024074 0.018519
4 0.937037 0.971759 0.075926 0.056481
4 0.5125 0.81713 0.975 0.365741
4 0.697222 0.674537 0.124074 0.073148
4 0.602315 0.674537 0.089815 0.073148
4 0.887037 0.673148 0.198148 0.074074
4 0.791667 0.674074 0.161111 0.075926
4 0.501852 0.673148 0.064815 0.074074
4 0.40463 0.672222 0.092593 0.072222
4 0.025463 0.639815 0.050926 0.011111
