0 0.749074 0.392593 0.007407 0.02037
0 0.786111 0.375926 0.011111 0.024074
0 0.849074 0.348148 0.014815 0.031481
0 0.078704 0.291667 0.022222 0.040741
0 0.233333 0.289815 0.016667 0.044444
0 0.361111 0.288889 0.012963 0.046296
2 0.050463 0.523148 0.100926 0.022222
2 0.97037 0.509259 0.012963 0.016667
4 0.903241 0.934722 0.141667 0.130556
4 0.687037 0.701852 0.061111 0.061111
4 0.180093 0.82037 0.360185 0.359259
4 0.230556 0.807407 0.342593 0.385185
4 0.725463 0.612037 0.225 0.003704
4 0.502315 0.612037 0.219444 0.003704
