4 0.898148 0.930093 0.15 0.139815
4 0.68287 0.699074 0.05463 0.059259
4 0.857407 0.678704 0.061111 0.022222
4 0.742593 0.677778 0.057407 0.024074
4 0.852778 0.653704 0.033333 0.02037
4 0.183796 0.81713 0.367593 0.365741
4 0.422222 0.656944 0.046296 0.058333
4 0.225 0.813889 0.333333 0.372222
4 0.563889 0.653704 0.040741 0.064815
4 0.525926 0.653704 0.042593 0.064815
4 0.524074 0.648148 0.031481 0.053704
4 0.480556 0.653704 0.02963 0.064815
4 0.306481 0.598148 0.051852 0.02037
4 0.253704 0.598148 0.061111 0.02037
4 0.725926 0.597222 0.064815 0.022222
4 0.674074 0.597222 0.053704 0.022222
4 0.622222 0.597222 0.046296 0.022222
4 0.569444 0.597222 0.033333 0.022222
4 0.517593 0.597222 0.025926 0.022222
4 0.463889 0.597222 0.02963 0.022222
4 0.411111 0.606481 0.038889 0.040741
4 0.360185 0.597222 0.048148 0.022222
