0 0.22963 0.465741 0.009259 0.018519
0 0.641667 0.44537 0.014815 0.033333
0 0.489815 0.415741 0.007407 0.025926
0 0.389815 0.414815 0.007407 0.027778
1 0.735185 0.441667 0.009259 0.033333
1 0.526852 0.416667 0.011111 0.016667
1 0.62963 0.401852 0.012963 0.009259
2 0.5 0.518519 0.027778 0.027778
3 0.082407 0.527778 0.018519 0.012963
4 0.222222 0.719444 0.187037 0.114815
4 0.114352 0.719444 0.228704 0.114815
4 0.069907 0.69537 0.139815 0.066667
4 0.025926 0.672222 0.051852 0.02037
4 0.82037 0.715741 0.209259 0.111111
4 0.703704 0.715741 0.153704 0.111111
4 0.588889 0.716667 0.098148 0.112963
4 0.457407 0.717593 0.068519 0.114815
4 0.340278 0.717593 0.126852 0.114815
