4 0.880556 0.906944 0.190741 0.186111
4 0.966204 0.775 0.067593 0.044444
4 0.897685 0.80463 0.20463 0.155556
4 0.949537 0.693519 0.082407 0.022222
4 0.907407 0.710185 0.094444 0.055556
4 0.840741 0.706481 0.098148 0.048148
4 0.777778 0.706481 0.068519 0.048148
4 0.608333 0.77963 0.088889 0.201852
4 0.600926 0.71713 0.048148 0.05463
4 0.55 0.77963 0.083333 0.201852
4 0.543056 0.757407 0.052778 0.131481
4 0.462037 0.77963 0.062963 0.201852
4 0.365741 0.77963 0.133333 0.201852
4 0.67037 0.682407 0.05 0.048148
4 0.883796 0.634259 0.136111 0.044444
4 0.814815 0.633333 0.12037 0.042593
4 0.743056 0.633333 0.100926 0.042593
4 0.671296 0.633333 0.081481 0.042593
4 0.598148 0.633333 0.061111 0.042593
4 0.526852 0.633333 0.040741 0.042593
4 0.449074 0.633333 0.044444 0.042593
4 0.205093 0.806019 0.410185 0.387963
4 0.305556 0.634259 0.087037 0.044444
4 0.233333 0.634259 0.105556 0.044444
4 0.159259 0.634259 0.131481 0.044444
4 0.086111 0.634259 0.151852 0.044444
4 0.050463 0.626852 0.100926 0.02963
