2 0.362037 0.516667 0.033333 0.016667
2 0.612963 0.511111 0.072222 0.02037
4 0.94213 0.978241 0.063889 0.043519
4 0.963426 0.739352 0.073148 0.047222
4 0.921759 0.756481 0.156481 0.081481
4 0.893981 0.785185 0.212037 0.138889
4 0.639352 0.85787 0.125 0.284259
4 0.630556 0.77963 0.07037 0.081481
4 0.572222 0.85787 0.127778 0.284259
4 0.559722 0.853704 0.078704 0.22963
4 0.45 0.85787 0.083333 0.284259
4 0.311574 0.85787 0.208333 0.284259
4 0.203704 0.836574 0.290741 0.326852
4 0.189815 0.810648 0.37963 0.378704
