0 0.647222 0.47037 0.007407 0.016667
0 0.358333 0.403704 0.011111 0.016667
0 0.288889 0.387037 0.02037 0.075926
1 0.308333 0.478704 0.007407 0.033333
1 0.32037 0.410185 0.024074 0.011111
3 0.694444 0.525926 0.02037 0.016667
4 0.798148 0.819444 0.198148 0.2
4 0.512963 0.801389 0.974074 0.397222
4 0.774074 0.624074 0.111111 0.040741
4 0.569907 0.624537 0.060185 0.041667
4 0.840278 0.623611 0.128704 0.041667
4 0.706019 0.623611 0.093519 0.041667
4 0.6375 0.624074 0.076852 0.042593
4 0.502315 0.622685 0.04537 0.039815
