2 0.501852 0.514815 0.024074 0.02037
3 0.596296 0.536111 0.009259 0.022222
4 0.724074 0.943981 0.161111 0.112037
4 0.587963 0.943981 0.122222 0.112037
4 0.436111 0.943981 0.118519 0.112037
4 0.283796 0.943981 0.137963 0.112037
4 0.901852 0.923611 0.164815 0.152778
4 0.186574 0.869907 0.236111 0.260185
4 0.186111 0.694444 0.181481 0.090741
4 0.097685 0.694444 0.19537 0.090741
4 0.05787 0.672685 0.115741 0.047222
4 0.712037 0.690741 0.137037 0.087037
4 0.611111 0.691667 0.094444 0.088889
4 0.506481 0.691667 0.059259 0.088889
4 0.39537 0.692593 0.088889 0.090741
4 0.180556 0.823611 0.357407 0.352778
4 0.979167 0.652315 0.041667 0.013889
4 0.939352 0.668519 0.121296 0.046296
4 0.899537 0.688889 0.200926 0.087037
4 0.813889 0.689815 0.188889 0.088889
