0 0.225926 0.466667 0.009259 0.02037
0 0.64537 0.444444 0.014815 0.035185
0 0.387963 0.413889 0.007407 0.025926
1 0.74537 0.439815 0.011111 0.037037
1 0.527778 0.414815 0.009259 0.016667
1 0.631481 0.4 0.012963 0.009259
2 0.5 0.518981 0.027778 0.026852
3 0.07037 0.52963 0.016667 0.012963
4 0.451852 0.74537 0.07963 0.140741
4 0.32037 0.746296 0.153704 0.142593
4 0.188889 0.746296 0.227778 0.142593
4 0.104167 0.740741 0.208333 0.131481
4 0.056944 0.701852 0.113889 0.053704
4 0.856481 0.742593 0.255556 0.138889
4 0.728704 0.742593 0.185185 0.138889
4 0.6 0.743519 0.116667 0.140741
