0 0.027778 0.448148 0.012963 0.031481
0 0.647222 0.44537 0.014815 0.033333
0 0.394444 0.414815 0.005556 0.024074
0 0.991204 0.40787 0.017593 0.041667
0 0.717593 0.35463 0.018519 0.051852
0 0.9875 0.301852 0.025 0.131481
1 0.038889 0.485185 0.012963 0.016667
1 0.202778 0.425 0.011111 0.011111
1 0.469444 0.416667 0.011111 0.016667
1 0.62963 0.401852 0.009259 0.016667
1 0.938889 0.356481 0.035185 0.022222
1 0.761111 0.348148 0.057407 0.009259
1 0.964815 0.163889 0.046296 0.066667
2 0.5 0.512037 0.02037 0.011111
2 0.44537 0.513889 0.02963 0.02963
3 0.301852 0.590278 0.009259 0.028704
3 0.288889 0.542593 0.035185 0.064815
4 0.869907 0.758333 0.260185 0.155556
4 0.741667 0.758333 0.2 0.155556
4 0.601852 0.758333 0.12037 0.155556
4 0.442593 0.759259 0.094444 0.157407
4 0.302778 0.759259 0.174074 0.157407
4 0.162963 0.759259 0.257407 0.157407
4 0.096759 0.738889 0.193519 0.116667
4 0.047685 0.701852 0.09537 0.042593
