2 0.501852 0.517593 0.024074 0.022222
3 0.596296 0.537963 0.009259 0.022222
4 0.973611 0.861111 0.052778 0.061111
4 0.706481 0.902315 0.188889 0.19537
4 0.583333 0.902315 0.127778 0.19537
4 0.452778 0.902315 0.085185 0.19537
4 0.30463 0.902315 0.166667 0.19537
4 0.865741 0.887037 0.218519 0.212963
4 0.200926 0.853241 0.262963 0.293519
4 0.409259 0.67037 0.072222 0.068519
4 0.1875 0.818056 0.367593 0.363889
4 0.22963 0.67037 0.138889 0.068519
4 0.133333 0.671296 0.168519 0.07037
4 0.076389 0.66713 0.152778 0.062037
4 0.039352 0.65 0.078704 0.027778
4 0.922685 0.664815 0.15463 0.061111
4 0.859259 0.667593 0.172222 0.066667
4 0.773148 0.667593 0.144444 0.066667
4 0.684259 0.668519 0.111111 0.068519
4 0.595833 0.668519 0.078704 0.068519
4 0.505556 0.668519 0.05 0.068519
4 0.956019 0.647222 0.087963 0.02963
