0 0.262037 0.47037 0.007407 0.016667
0 0.615741 0.45463 0.011111 0.025926
1 0.522222 0.431481 0.009259 0.012963
2 0.5 0.519444 0.027778 0.025926
4 0.524074 0.828241 0.9 0.343519
4 0.366667 0.606481 0.05 0.025926
4 0.310185 0.606481 0.062963 0.025926
4 0.253241 0.606481 0.071296 0.025926
4 0.199074 0.607407 0.077778 0.027778
4 0.138889 0.606481 0.094444 0.025926
4 0.652778 0.60463 0.055556 0.025926
4 0.596296 0.60463 0.046296 0.025926
4 0.540741 0.60463 0.035185 0.025926
4 0.481481 0.605556 0.027778 0.027778
4 0.425 0.605556 0.040741 0.027778
