1 0.817593 0.490741 0.014815 0.046296
1 0.812037 0.437037 0.018519 0.05
2 0.316667 0.526852 0.027778 0.02963
2 0.44537 0.510185 0.02963 0.02963
3 0.341667 0.531481 0.025926 0.053704
4 0.642593 0.594444 0.046296 0.02037
4 0.536111 0.59537 0.02963 0.022222
4 0.480556 0.59537 0.025926 0.022222
4 0.427315 0.59537 0.034259 0.022222
4 0.374074 0.59537 0.046296 0.022222
4 0.318981 0.59537 0.050926 0.022222
4 0.26713 0.59537 0.063889 0.022222
4 0.213889 0.59537 0.074074 0.022222
4 0.588889 0.593519 0.038889 0.025926
