1 0.834259 0.493519 0.014815 0.048148
1 0.827778 0.436111 0.02037 0.051852
2 0.312963 0.528704 0.038889 0.037037
2 0.44537 0.512037 0.02963 0.02963
3 0.343519 0.537037 0.025926 0.061111
4 0.649074 0.601852 0.051852 0.024074
4 0.538889 0.601852 0.031481 0.024074
4 0.47963 0.601852 0.027778 0.024074
4 0.424537 0.601852 0.037963 0.024074
4 0.368519 0.601852 0.05 0.024074
4 0.314352 0.601852 0.05463 0.024074
4 0.257407 0.601852 0.068519 0.024074
4 0.201852 0.601852 0.07963 0.024074
4 0.594444 0.599537 0.042593 0.028704
