0 0.055556 0.450926 0.012963 0.02963
0 0.637037 0.448148 0.012963 0.031481
0 0.902778 0.425 0.037037 0.033333
0 0.494444 0.42037 0.005556 0.024074
0 0.400926 0.42037 0.007407 0.024074
0 0.69537 0.369444 0.014815 0.044444
0 0.906481 0.332407 0.044444 0.118519
1 0.066667 0.486111 0.012963 0.014815
1 0.471296 0.422222 0.011111 0.016667
1 0.621296 0.408333 0.007407 0.014815
1 0.860185 0.382407 0.022222 0.014815
1 0.730556 0.365741 0.051852 0.007407
1 0.876852 0.227778 0.02963 0.046296
2 0.44537 0.516667 0.02963 0.024074
3 0.282407 0.546296 0.037037 0.072222
4 0.771296 0.685185 0.159259 0.083333
4 0.671296 0.685185 0.118519 0.083333
4 0.571296 0.685185 0.074074 0.083333
4 0.461111 0.685185 0.061111 0.083333
4 0.361111 0.685185 0.101852 0.083333
4 0.260185 0.685185 0.144444 0.083333
4 0.161111 0.685185 0.187037 0.083333
4 0.0875 0.683796 0.175 0.080556
4 0.048611 0.661111 0.097222 0.035185
