0 0.674074 0.466667 0.009259 0.02037
0 0.339815 0.39213 0.011111 0.021296
0 0.277778 0.347222 0.02037 0.040741
0 0.018981 0.243981 0.037963 0.180556
1 0.05463 0.453704 0.074074 0.087037
1 0.076852 0.372222 0.007407 0.024074
1 0.313889 0.356944 0.007407 0.023148
1 0.025 0.356481 0.037037 0.037037
1 0.264815 0.319444 0.072222 0.011111
1 0.098148 0.302778 0.061111 0.033333
1 0.074074 0.1 0.005556 0.046296
1 0.033333 0.061111 0.027778 0.068519
3 0.593519 0.534259 0.025926 0.018519
4 0.519907 0.881019 0.960185 0.237963
