2 0.500926 0.518519 0.025926 0.024074
3 0.600926 0.538889 0.011111 0.024074
4 0.888426 0.916204 0.175 0.167593
4 0.935185 0.758333 0.12963 0.081481
4 0.205556 0.842593 0.283333 0.314815
4 0.94537 0.691667 0.085185 0.022222
4 0.881019 0.697222 0.056481 0.033333
4 0.822222 0.69537 0.068519 0.02963
4 0.869444 0.776852 0.261111 0.192593
4 0.548148 0.760185 0.075926 0.174074
4 0.542593 0.741204 0.05 0.117593
4 0.602778 0.759259 0.077778 0.175926
4 0.599537 0.70787 0.047222 0.052778
4 0.467593 0.759259 0.055556 0.175926
4 0.378704 0.759259 0.118519 0.175926
4 0.677778 0.689815 0.053704 0.051852
4 0.182407 0.819907 0.364815 0.360185
4 0.074074 0.616667 0.098148 0.027778
4 0.688889 0.616667 0.072222 0.031481
4 0.625926 0.616667 0.057407 0.031481
4 0.564815 0.616667 0.042593 0.031481
4 0.501852 0.616667 0.031481 0.031481
4 0.437037 0.616667 0.038889 0.031481
4 0.374074 0.619907 0.057407 0.037963
4 0.312037 0.617593 0.07037 0.033333
4 0.25 0.617593 0.087037 0.033333
4 0.187037 0.617593 0.101852 0.033333
4 0.125 0.617593 0.118519 0.033333
4 0.867593 0.614815 0.114815 0.031481
4 0.807407 0.614815 0.101852 0.031481
4 0.746296 0.614815 0.087037 0.031481
