0 0.00787 0.442593 0.015741 0.027778
0 0.653704 0.442593 0.012963 0.035185
0 0.493519 0.411111 0.007407 0.027778
0 0.389815 0.411111 0.007407 0.027778
0 0.735185 0.343519 0.02037 0.055556
1 0.02037 0.485185 0.016667 0.016667
1 0.191667 0.421296 0.011111 0.011111
1 0.467593 0.412963 0.011111 0.016667
1 0.636111 0.397222 0.011111 0.018519
1 0.991204 0.339815 0.017593 0.018519
1 0.783333 0.335185 0.064815 0.009259
2 0.44537 0.512963 0.02963 0.027778
3 0.29537 0.546296 0.033333 0.075926
4 0.890278 0.796296 0.219444 0.168519
4 0.824074 0.841667 0.316667 0.259259
4 0.638889 0.841667 0.17963 0.259259
4 0.421296 0.841667 0.133333 0.259259
4 0.236111 0.841667 0.27037 0.259259
4 0.128241 0.825463 0.256481 0.226852
4 0.069907 0.753704 0.139815 0.083333
