0 0.080556 0.453704 0.011111 0.027778
0 0.62963 0.451852 0.012963 0.027778
0 0.839815 0.437963 0.022222 0.025926
0 0.407407 0.425 0.005556 0.022222
0 0.676852 0.381944 0.014815 0.039815
0 0.839815 0.362037 0.02963 0.096296
1 0.089815 0.487037 0.011111 0.012963
1 0.472222 0.426852 0.009259 0.014815
1 0.707407 0.37963 0.046296 0.005556
1 0.818519 0.27037 0.02037 0.035185
2 0.443519 0.513889 0.02963 0.02963
3 0.27037 0.564815 0.038889 0.105556
4 0.4875 0.906019 0.975 0.187963
4 0.713889 0.647222 0.103704 0.051852
4 0.634259 0.647222 0.077778 0.051852
4 0.555556 0.647222 0.053704 0.051852
4 0.469444 0.647222 0.044444 0.051852
4 0.390741 0.647222 0.068519 0.051852
4 0.310185 0.648148 0.096296 0.053704
4 0.22963 0.648148 0.124074 0.053704
4 0.151389 0.648148 0.150926 0.053704
4 0.080093 0.648148 0.160185 0.053704
4 0.046759 0.636111 0.093519 0.02963
