2 0.500926 0.51713 0.025926 0.023148
3 0.600926 0.538889 0.011111 0.024074
4 0.874074 0.896759 0.209259 0.206481
4 0.941667 0.761111 0.116667 0.072222
4 0.907407 0.675 0.064815 0.014815
4 0.858796 0.685185 0.060185 0.035185
4 0.796296 0.675926 0.05 0.016667
4 0.84537 0.749074 0.244444 0.162963
4 0.592593 0.732407 0.068519 0.144444
4 0.590278 0.690741 0.043519 0.042593
4 0.542593 0.732407 0.068519 0.144444
4 0.538426 0.719444 0.043519 0.1
4 0.471296 0.732407 0.048148 0.144444
4 0.390741 0.732407 0.101852 0.144444
4 0.664815 0.675926 0.046296 0.046296
4 0.226389 0.814352 0.330556 0.371296
4 0.05 0.618519 0.057407 0.016667
4 0.202315 0.798611 0.40463 0.402778
4 0.317593 0.612037 0.062963 0.02963
4 0.262037 0.612037 0.074074 0.02963
4 0.199074 0.612037 0.092593 0.02963
4 0.853241 0.609259 0.102778 0.027778
4 0.794444 0.609259 0.090741 0.027778
4 0.7375 0.609259 0.075 0.027778
4 0.677778 0.610185 0.064815 0.02963
4 0.619444 0.610185 0.055556 0.02963
4 0.561574 0.610185 0.041667 0.02963
4 0.500926 0.610185 0.02963 0.02963
4 0.439815 0.610185 0.037037 0.02963
