2 0.382407 0.513889 0.025926 0.011111
2 0.649074 0.511111 0.07037 0.02037
4 0.766204 0.785185 0.160185 0.161111
4 0.919907 0.711111 0.084259 0.031481
4 0.785648 0.703241 0.071296 0.04537
4 0.16713 0.833333 0.334259 0.333333
4 0.904167 0.675463 0.043519 0.025
4 0.216667 0.823611 0.316667 0.352778
4 0.574074 0.681481 0.05 0.090741
4 0.573148 0.658333 0.033333 0.033333
4 0.531481 0.681481 0.05 0.090741
4 0.527315 0.676852 0.034259 0.07037
4 0.475926 0.681481 0.035185 0.090741
4 0.412963 0.681481 0.072222 0.090741
