2 0.371296 0.513889 0.02963 0.014815
2 0.625 0.509259 0.085185 0.02037
4 0.873148 0.898611 0.207407 0.202778
4 0.934722 0.756481 0.130556 0.081481
4 0.920833 0.680556 0.073148 0.018519
4 0.866204 0.683333 0.050926 0.024074
4 0.80787 0.686111 0.065741 0.02963
4 0.862963 0.762037 0.268519 0.181481
4 0.601852 0.762037 0.07963 0.181481
4 0.598148 0.708333 0.048148 0.051852
4 0.546296 0.761111 0.07963 0.17963
4 0.540741 0.742593 0.05 0.118519
4 0.464815 0.761111 0.057407 0.17963
4 0.373148 0.761111 0.122222 0.17963
4 0.222222 0.813889 0.335185 0.372222
4 0.199537 0.800463 0.399074 0.399074
