4 0.975463 0.866204 0.049074 0.060185
4 0.70463 0.910648 0.181481 0.178704
4 0.576852 0.910648 0.125926 0.178704
4 0.442593 0.910648 0.094444 0.178704
4 0.289352 0.910648 0.167593 0.178704
4 0.825 0.848148 0.177778 0.175926
4 0.968056 0.667593 0.063889 0.025926
4 0.922685 0.689815 0.15463 0.07037
4 0.876852 0.705556 0.222222 0.101852
4 0.764815 0.705556 0.175926 0.101852
4 0.65463 0.705556 0.122222 0.101852
4 0.543519 0.705556 0.07037 0.101852
4 0.419444 0.706481 0.085185 0.103704
4 0.189352 0.827315 0.378704 0.34537
4 0.198148 0.706481 0.190741 0.103704
4 0.104167 0.706481 0.208333 0.103704
4 0.060648 0.681481 0.121296 0.053704
4 0.956019 0.60463 0.087963 0.003704
4 0.924074 0.593519 0.105556 0.003704
