2 0.5 0.517593 0.027778 0.025926
3 0.603704 0.540741 0.012963 0.024074
3 0.603241 0.519444 0.010185 0.014815
4 0.86713 0.894907 0.213889 0.210185
4 0.172685 0.827315 0.34537 0.34537
4 0.803704 0.650926 0.040741 0.014815
4 0.705093 0.65 0.041667 0.016667
4 0.225 0.813889 0.32963 0.372222
4 0.521296 0.630556 0.033333 0.044444
4 0.483333 0.62963 0.024074 0.046296
4 0.437963 0.62963 0.044444 0.046296
4 0.45463 0.581481 0.022222 0.012963
4 0.542593 0.580556 0.024074 0.014815
4 0.499074 0.580556 0.018519 0.014815
