4 0.925 0.958796 0.1 0.082407
4 0.890278 0.692593 0.05463 0.024074
4 0.698148 0.714815 0.068519 0.068519
4 0.760185 0.689815 0.062963 0.02963
4 0.874074 0.662037 0.038889 0.022222
4 0.180093 0.819907 0.360185 0.360185
4 0.568056 0.662963 0.043519 0.072222
4 0.566204 0.644444 0.030556 0.027778
4 0.528704 0.662963 0.044444 0.072222
4 0.525926 0.657407 0.035185 0.057407
4 0.479167 0.662963 0.030556 0.072222
4 0.422222 0.662963 0.061111 0.072222
4 0.242593 0.794907 0.368519 0.410185
4 0.353241 0.600926 0.049074 0.022222
4 0.297222 0.601852 0.062963 0.024074
4 0.242593 0.601852 0.072222 0.024074
4 0.187037 0.601852 0.083333 0.024074
4 0.788889 0.600926 0.07963 0.025926
4 0.735185 0.6 0.068519 0.024074
4 0.680556 0.6 0.059259 0.024074
4 0.627315 0.6 0.047222 0.024074
4 0.573148 0.6 0.037037 0.024074
4 0.518519 0.6 0.027778 0.024074
4 0.462037 0.6 0.02963 0.024074
