0 0.249074 0.468519 0.007407 0.016667
0 0.625926 0.450926 0.012963 0.02963
0 0.403704 0.425 0.005556 0.022222
1 0.524074 0.425 0.009259 0.014815
2 0.5 0.518519 0.027778 0.027778
3 0.174074 0.525 0.012963 0.011111
4 0.4875 0.861574 0.975 0.276852
4 0.623148 0.633333 0.066667 0.042593
4 0.552778 0.633333 0.048148 0.042593
4 0.476852 0.633333 0.037037 0.042593
4 0.403704 0.633333 0.057407 0.042593
4 0.332407 0.633333 0.077778 0.042593
4 0.261111 0.633333 0.098148 0.042593
4 0.187963 0.634259 0.122222 0.044444
4 0.114815 0.635185 0.142593 0.046296
4 0.0625 0.631481 0.125 0.038889
4 0.031944 0.620833 0.063889 0.017593
4 0.693519 0.631481 0.088889 0.042593
