0 0.849074 0.425926 0.033333 0.031481
0 0.618519 0.398148 0.009259 0.031481
0 0.67037 0.36713 0.016667 0.04537
0 0.907407 0.325926 0.05 0.124074
1 0.891667 0.496296 0.014815 0.053704
1 0.873148 0.496296 0.014815 0.053704
1 0.644444 0.386111 0.009259 0.025926
1 0.725926 0.351852 0.053704 0.009259
2 0.996759 0.532407 0.006481 0.025926
2 0.973148 0.534259 0.025926 0.02963
2 0.323148 0.512037 0.062963 0.014815
2 0.400926 0.513889 0.02963 0.02963
2 0.996759 0.5 0.006481 0.031481
2 0.976852 0.500926 0.018519 0.033333
3 0.462037 0.525 0.014815 0.037037
4 0.32037 0.675463 0.038889 0.04537
4 0.79213 0.808796 0.415741 0.382407
