2 0.500926 0.516667 0.025926 0.024074
3 0.602778 0.538889 0.011111 0.024074
4 0.837963 0.859259 0.188889 0.187037
4 0.949537 0.762963 0.100926 0.061111
4 0.958333 0.738889 0.083333 0.046296
4 0.977315 0.709722 0.04537 0.028704
4 0.819444 0.731944 0.196296 0.123148
4 0.883333 0.664815 0.061111 0.016667
4 0.834259 0.665741 0.048148 0.018519
4 0.776389 0.664815 0.047222 0.016667
4 0.73287 0.664815 0.049074 0.016667
4 0.585648 0.712037 0.062037 0.122222
4 0.581944 0.676852 0.041667 0.040741
4 0.538889 0.712037 0.061111 0.122222
4 0.534722 0.701389 0.043519 0.089815
4 0.473148 0.712037 0.044444 0.122222
4 0.399074 0.712037 0.088889 0.122222
4 0.187037 0.813426 0.374074 0.373148
4 0.228241 0.810648 0.337963 0.378704
4 0.140741 0.609259 0.075926 0.024074
4 0.385185 0.610185 0.042593 0.033333
4 0.326852 0.606481 0.059259 0.025926
4 0.272222 0.606481 0.064815 0.025926
4 0.210185 0.607407 0.085185 0.027778
4 0.108333 0.605556 0.081481 0.024074
4 0.838889 0.60463 0.094444 0.025926
4 0.783333 0.60463 0.083333 0.025926
4 0.725926 0.60463 0.072222 0.025926
4 0.67037 0.60463 0.061111 0.025926
4 0.613889 0.60463 0.048148 0.025926
4 0.558333 0.605556 0.040741 0.027778
4 0.500926 0.605556 0.02963 0.027778
4 0.441667 0.605556 0.037037 0.027778
