0 0.958333 0.442593 0.018519 0.038889
0 0.206481 0.401852 0.007407 0.02037
0 0.764815 0.387963 0.009259 0.022222
0 0.815741 0.366667 0.011111 0.027778
0 0.112963 0.282407 0.02037 0.044444
0 0.274074 0.280556 0.016667 0.048148
0 0.409259 0.278704 0.012963 0.048148
2 0.14537 0.511111 0.144444 0.016667
2 0.242593 0.506481 0.042593 0.018519
4 0.920833 0.955093 0.106481 0.089815
4 0.698148 0.713889 0.068519 0.066667
4 0.205556 0.836574 0.290741 0.326852
4 0.180093 0.819907 0.360185 0.360185
4 0.50463 0.614815 0.194444 0.001852
4 0.277778 0.61713 0.237037 0.006481
4 0.722222 0.625 0.238889 0.025926
