4 0.953241 0.993056 0.037963 0.013889
4 0.234722 0.970833 0.056481 0.058333
4 0.977315 0.749074 0.04537 0.033333
4 0.93287 0.765741 0.134259 0.066667
4 0.903241 0.800926 0.193519 0.137037
4 0.641667 0.8625 0.125926 0.275
4 0.634722 0.794907 0.069444 0.093519
4 0.574074 0.8625 0.127778 0.275
4 0.45 0.8625 0.083333 0.275
4 0.348611 0.8625 0.130556 0.275
4 0.715741 0.733333 0.081481 0.07963
4 0.532407 0.661111 0.051852 0.061111
4 0.438889 0.661111 0.057407 0.061111
4 0.198611 0.815278 0.397222 0.369444
4 0.267593 0.661111 0.118519 0.061111
4 0.182407 0.661111 0.148148 0.061111
4 0.099074 0.661111 0.174074 0.061111
4 0.05787 0.650926 0.115741 0.040741
4 0.927315 0.655556 0.14537 0.053704
4 0.872222 0.659259 0.168519 0.061111
4 0.786111 0.659259 0.140741 0.061111
4 0.700926 0.660185 0.111111 0.062963
4 0.61713 0.660185 0.080556 0.062963
4 0.949537 0.602778 0.100926 0.003704
