1 0.960185 0.493519 0.022222 0.066667
1 0.950926 0.414815 0.040741 0.072222
2 0.287963 0.537037 0.085185 0.046296
2 0.499074 0.514815 0.022222 0.012963
2 0.44537 0.516667 0.02963 0.024074
3 0.346296 0.536111 0.024074 0.055556
4 0.692593 0.633333 0.087037 0.042593
4 0.55 0.633333 0.046296 0.042593
4 0.473148 0.633333 0.037037 0.042593
4 0.401852 0.633333 0.057407 0.042593
4 0.330556 0.633333 0.077778 0.042593
4 0.258333 0.633333 0.096296 0.042593
4 0.187963 0.633333 0.118519 0.042593
4 0.116667 0.633333 0.138889 0.042593
4 0.0625 0.631481 0.125 0.038889
4 0.621296 0.62963 0.066667 0.05
