4 0.718519 0.734259 0.083333 0.081481
4 0.201852 0.840278 0.287037 0.319444
4 0.898611 0.7 0.112037 0.042593
4 0.898148 0.673148 0.046296 0.025926
4 0.761111 0.689815 0.109259 0.062963
4 0.178241 0.822685 0.356481 0.35463
4 0.410185 0.676852 0.055556 0.077778
4 0.572222 0.674074 0.05 0.083333
4 0.569907 0.652778 0.034259 0.02963
4 0.530556 0.674074 0.048148 0.083333
4 0.525926 0.668056 0.035185 0.060185
4 0.477778 0.674074 0.031481 0.083333
4 0.817593 0.609259 0.055556 0.02037
4 0.74537 0.60463 0.074074 0.025926
4 0.689815 0.60463 0.062963 0.025926
4 0.632407 0.60463 0.051852 0.025926
4 0.576852 0.60463 0.040741 0.025926
4 0.519444 0.60463 0.02963 0.025926
4 0.461111 0.60463 0.031481 0.025926
4 0.403704 0.609259 0.042593 0.035185
4 0.348148 0.60463 0.053704 0.025926
4 0.291667 0.60463 0.066667 0.025926
4 0.235185 0.60463 0.075926 0.025926
4 0.119444 0.605556 0.107407 0.027778
