0 0.211111 0.464815 0.009259 0.02037
0 0.659259 0.437963 0.016667 0.037037
0 0.487963 0.404167 0.007407 0.028704
0 0.376852 0.40463 0.007407 0.02963
1 0.794444 0.426852 0.016667 0.044444
1 0.530556 0.405556 0.011111 0.02037
1 0.64537 0.388889 0.014815 0.009259
2 0.5 0.517593 0.027778 0.025926
3 0.006944 0.530556 0.013889 0.014815
4 0.221759 0.875463 0.262037 0.249074
4 0.108796 0.851852 0.217593 0.201852
4 0.041204 0.775926 0.082407 0.05
4 0.656481 0.874537 0.192593 0.250926
4 0.423148 0.874537 0.133333 0.250926
4 0.913426 0.811574 0.173148 0.128704
4 0.846759 0.873611 0.306481 0.252778
