0 0.027778 0.443056 0.016667 0.034259
0 0.29537 0.42037 0.007407 0.016667
0 0.19537 0.421296 0.007407 0.018519
0 0.980093 0.312963 0.039815 0.12037
0 0.461111 0.193981 0.031481 0.119444
0 0.09537 0.192593 0.044444 0.12037
1 0.042593 0.500926 0.009259 0.018519
1 0.037037 0.475 0.012963 0.018519
1 0.239815 0.417593 0.011111 0.011111
1 0.909259 0.349074 0.046296 0.014815
1 0.284259 0.222222 0.044444 0.068519
1 0.594444 0.212037 0.042593 0.066667
1 0.946296 0.163426 0.05 0.036111
2 0.456481 0.513889 0.033333 0.011111
2 0.496296 0.519444 0.031481 0.025926
