2 0.502778 0.514815 0.022222 0.02037
3 0.592593 0.535185 0.009259 0.02037
4 0.159259 0.905093 0.175926 0.189815
4 0.121759 0.740741 0.243519 0.135185
4 0.075463 0.712037 0.150926 0.077778
4 0.026852 0.685185 0.053704 0.024074
4 0.639815 0.737037 0.133333 0.131481
4 0.508333 0.737963 0.077778 0.133333
4 0.37037 0.738889 0.12037 0.135185
4 0.171296 0.835648 0.333333 0.328704
4 0.968981 0.681481 0.062037 0.024074
4 0.924074 0.707407 0.151852 0.075926
4 0.877315 0.735185 0.24537 0.131481
4 0.763426 0.735185 0.199074 0.131481
4 0.950463 0.600926 0.099074 0.003704
