0 0.243519 0.469444 0.007407 0.018519
0 0.630556 0.45 0.014815 0.031481
1 0.700926 0.450926 0.007407 0.02963
1 0.525926 0.423148 0.009259 0.014815
1 0.0125 0.411111 0.025 0.009259
2 0.5 0.519444 0.027778 0.025926
3 0.147222 0.526852 0.018519 0.011111
4 0.486574 0.891204 0.973148 0.217593
4 0.223148 0.655556 0.12963 0.057407
4 0.140741 0.655556 0.157407 0.057407
4 0.075463 0.656481 0.150926 0.059259
4 0.040278 0.639815 0.080556 0.025926
4 0.724074 0.652778 0.109259 0.055556
4 0.641667 0.653704 0.085185 0.057407
4 0.560648 0.653704 0.058333 0.057407
4 0.472222 0.653704 0.044444 0.057407
4 0.390741 0.653704 0.072222 0.057407
4 0.307407 0.65463 0.101852 0.059259
