2 0.499074 0.516667 0.025926 0.024074
3 0.60463 0.539815 0.011111 0.025926
3 0.600926 0.518519 0.011111 0.012963
4 0.885185 0.913426 0.17963 0.173148
4 0.673148 0.686111 0.051852 0.051852
4 0.827315 0.661111 0.039815 0.016667
4 0.717593 0.659259 0.048148 0.02037
4 0.216204 0.821759 0.317593 0.356481
4 0.184722 0.816204 0.369444 0.367593
4 0.430556 0.637037 0.040741 0.05
4 0.558333 0.636111 0.037037 0.051852
4 0.523148 0.636111 0.037037 0.051852
4 0.521296 0.63287 0.025926 0.043519
4 0.476852 0.636111 0.014815 0.051852
4 0.587037 0.583333 0.027778 0.016667
4 0.544444 0.583333 0.027778 0.016667
4 0.5 0.583333 0.02037 0.016667
4 0.453704 0.583333 0.024074 0.016667
4 0.408333 0.588889 0.02963 0.027778
4 0.363889 0.583333 0.037037 0.016667
