0 0.102778 0.456481 0.011111 0.025926
0 0.621296 0.453704 0.011111 0.027778
0 0.789815 0.44537 0.018519 0.022222
0 0.660185 0.392593 0.011111 0.035185
0 0.788889 0.381481 0.024074 0.07963
1 0.112037 0.487037 0.011111 0.012963
1 0.474074 0.430556 0.009259 0.014815
1 0.687037 0.390741 0.042593 0.005556
1 0.773148 0.301852 0.014815 0.027778
2 0.443519 0.513889 0.02963 0.02963
3 0.262963 0.55 0.042593 0.07963
3 0.043056 0.576852 0.086111 0.1
4 0.487963 0.85787 0.975926 0.284259
4 0.199074 0.623148 0.07037 0.02963
4 0.674074 0.62037 0.072222 0.035185
4 0.609259 0.62037 0.057407 0.035185
4 0.544444 0.62037 0.038889 0.035185
4 0.475 0.62037 0.033333 0.035185
4 0.410185 0.62037 0.051852 0.035185
4 0.34537 0.62037 0.066667 0.035185
4 0.27963 0.62037 0.083333 0.035185
4 0.156944 0.62037 0.102778 0.035185
4 0.084259 0.62037 0.133333 0.035185
