0 0.247222 0.468519 0.007407 0.016667
0 0.627778 0.450926 0.012963 0.02963
1 0.694444 0.451852 0.005556 0.027778
1 0.524074 0.425 0.009259 0.014815
1 0.018056 0.412037 0.036111 0.011111
2 0.5 0.518981 0.027778 0.026852
3 0.162037 0.525 0.014815 0.011111
4 0.4875 0.873611 0.975 0.252778
4 0.087037 0.64537 0.161111 0.051852
4 0.051389 0.636111 0.102778 0.033333
4 0.707407 0.641667 0.098148 0.048148
4 0.631481 0.641667 0.075926 0.048148
4 0.555556 0.641667 0.053704 0.048148
4 0.475 0.642593 0.040741 0.05
4 0.398611 0.642593 0.063889 0.05
4 0.321296 0.642593 0.088889 0.05
4 0.244444 0.642593 0.112963 0.05
4 0.169444 0.642593 0.137037 0.05
