0 0.064815 0.451852 0.012963 0.027778
0 0.635185 0.449074 0.012963 0.02963
0 0.880556 0.430556 0.033333 0.033333
0 0.402778 0.422222 0.007407 0.024074
0 0.687963 0.374537 0.014815 0.041667
0 0.883333 0.342593 0.038889 0.109259
1 0.074074 0.486111 0.012963 0.014815
1 0.472222 0.423148 0.009259 0.014815
1 0.619444 0.409259 0.007407 0.016667
1 0.841667 0.387963 0.018519 0.014815
1 0.722222 0.369444 0.05 0.007407
1 0.855556 0.242593 0.027778 0.042593
2 0.443519 0.515741 0.02963 0.022222
3 0.27963 0.553704 0.038889 0.087037
4 0.487963 0.96713 0.975926 0.065741
4 0.656944 0.671296 0.099074 0.07037
4 0.565741 0.671296 0.066667 0.07037
4 0.463889 0.671296 0.055556 0.07037
4 0.371296 0.671296 0.088889 0.07037
4 0.278704 0.671296 0.125926 0.07037
4 0.186111 0.671296 0.159259 0.07037
4 0.095833 0.671296 0.191667 0.07037
4 0.05787 0.657407 0.115741 0.042593
4 0.75 0.67037 0.138889 0.072222
