0 0.667593 0.465741 0.007407 0.018519
0 0.352778 0.394444 0.011111 0.027778
0 0.302778 0.363889 0.018519 0.033333
0 0.116667 0.290741 0.05 0.153704
1 0.162963 0.461111 0.027778 0.064815
1 0.137037 0.461111 0.012963 0.064815
1 0.133333 0.387037 0.02037 0.024074
1 0.29537 0.340741 0.062963 0.009259
1 0.187037 0.342593 0.046296 0.024074
1 0.138889 0.157407 0.016667 0.046296
3 0.625926 0.52963 0.024074 0.016667
4 0.5 0.845833 1.0 0.308333
4 0.84213 0.796296 0.287963 0.187037
4 0.677315 0.79537 0.189815 0.188889
4 0.503704 0.794444 0.116667 0.187037
4 0.33287 0.794444 0.184259 0.187037
