2 0.501852 0.516667 0.024074 0.02037
3 0.599074 0.537037 0.011111 0.024074
4 0.235185 0.979167 0.05 0.041667
4 0.945833 0.769444 0.108333 0.051852
4 0.914352 0.810185 0.171296 0.133333
4 0.651852 0.864352 0.131481 0.271296
4 0.644444 0.801852 0.075926 0.096296
4 0.580093 0.864352 0.132407 0.271296
4 0.45463 0.864352 0.081481 0.271296
4 0.357407 0.864352 0.116667 0.271296
4 0.753704 0.766667 0.109259 0.105556
4 0.197222 0.851852 0.266667 0.296296
4 0.271296 0.641667 0.1 0.048148
4 0.19537 0.641667 0.125926 0.048148
4 0.116667 0.642593 0.153704 0.05
4 0.063426 0.639352 0.126852 0.043519
4 0.02963 0.626852 0.059259 0.018519
4 0.879167 0.638889 0.147222 0.046296
4 0.802778 0.638889 0.125926 0.046296
4 0.728241 0.639815 0.102778 0.048148
4 0.655093 0.639815 0.082407 0.048148
4 0.57963 0.639815 0.061111 0.048148
4 0.503704 0.639815 0.038889 0.048148
4 0.423148 0.640741 0.055556 0.05
4 0.193981 0.80787 0.387963 0.384259
4 0.933796 0.636111 0.132407 0.044444
