0 0.712963 0.460185 0.009259 0.014815
0 0.147222 0.462037 0.011111 0.022222
0 0.60463 0.459259 0.011111 0.024074
0 0.712037 0.413889 0.014815 0.055556
1 0.856481 0.453704 0.025926 0.061111
2 0.013426 0.52037 0.026852 0.012963
2 0.441667 0.513889 0.02963 0.02963
2 0.039815 0.5125 0.062963 0.026852
3 0.200926 0.546296 0.022222 0.038889
3 0.198148 0.52037 0.016667 0.009259
3 0.266667 0.555556 0.046296 0.090741
4 0.800463 0.818056 0.350926 0.363889
4 0.4375 0.62963 0.35463 0.009259
4 0.197222 0.625926 0.085185 0.005556
4 0.621296 0.585185 0.037037 0.016667
4 0.575 0.585185 0.02963 0.016667
4 0.52963 0.585185 0.024074 0.016667
4 0.481481 0.585185 0.02037 0.016667
4 0.435185 0.585185 0.027778 0.016667
4 0.389815 0.585185 0.033333 0.016667
4 0.343519 0.585185 0.040741 0.016667
