0 0.675 0.436111 0.014815 0.040741
0 0.232407 0.415741 0.007407 0.018519
0 0.127778 0.416204 0.009259 0.019444
0 0.492593 0.400926 0.009259 0.02963
0 0.375 0.400926 0.007407 0.033333
0 0.798148 0.302778 0.027778 0.07037
1 0.152778 0.412963 0.011111 0.012963
1 0.464815 0.403704 0.012963 0.02037
1 0.655556 0.385185 0.012963 0.02037
1 0.87037 0.286111 0.083333 0.011111
2 0.44537 0.515741 0.02963 0.025926
3 0.307407 0.551852 0.031481 0.083333
4 0.9125 0.960648 0.175 0.078704
4 0.669444 0.960648 0.144444 0.078704
4 0.4125 0.960648 0.132407 0.078704
4 0.165278 0.960648 0.171296 0.078704
4 0.011574 0.932407 0.023148 0.022222
