0 0.661111 0.467593 0.009259 0.018519
0 0.323148 0.37963 0.014815 0.027778
0 0.192593 0.334259 0.042593 0.118519
1 0.223148 0.47037 0.018519 0.053704
1 0.201852 0.47037 0.009259 0.053704
1 0.2 0.408333 0.012963 0.018519
1 0.242593 0.373148 0.038889 0.018519
1 0.318519 0.360185 0.053704 0.007407
1 0.203704 0.221296 0.009259 0.033333
3 0.65 0.52963 0.024074 0.016667
4 0.514352 0.827315 0.971296 0.34537
4 0.500926 0.711111 0.081481 0.1
4 0.738889 0.712037 0.168519 0.103704
4 0.624537 0.710185 0.115741 0.103704
4 0.38287 0.709259 0.115741 0.101852
4 0.852778 0.710185 0.218519 0.107407
