1 0.574074 0.490741 0.016667 0.016667
4 0.938426 0.74213 0.123148 0.075
4 0.878241 0.813426 0.243519 0.221296
4 0.760185 0.822222 0.244444 0.242593
4 0.578704 0.816667 0.111111 0.235185
4 0.374074 0.811111 0.172222 0.227778
4 0.20463 0.805556 0.285185 0.22037
4 0.118981 0.77963 0.237963 0.172222
4 0.065278 0.725 0.130556 0.066667
4 0.281481 0.653704 0.042593 0.016667
4 0.225926 0.653704 0.046296 0.016667
4 0.181481 0.653704 0.046296 0.016667
4 0.131481 0.652778 0.038889 0.018519
4 0.313889 0.634259 0.022222 0.02963
4 0.643519 0.626852 0.088889 0.085185
