0 0.236111 0.467593 0.007407 0.018519
0 0.636111 0.446296 0.014815 0.031481
0 0.489815 0.418519 0.007407 0.024074
0 0.394444 0.418519 0.005556 0.024074
1 0.717593 0.446296 0.007407 0.031481
1 0.525926 0.419444 0.009259 0.014815
1 0.624074 0.405556 0.012963 0.009259
2 0.5 0.519444 0.027778 0.025926
3 0.112963 0.526852 0.016667 0.011111
4 0.487037 0.943056 0.974074 0.113889
4 0.051389 0.662963 0.102778 0.038889
4 0.668519 0.680556 0.112963 0.077778
4 0.572222 0.681481 0.075926 0.07963
4 0.465741 0.681481 0.055556 0.07963
4 0.368519 0.681481 0.094444 0.07963
4 0.271296 0.682407 0.137037 0.081481
4 0.173148 0.682407 0.177778 0.081481
4 0.09213 0.682407 0.184259 0.081481
4 0.765741 0.67963 0.151852 0.07963
