0 0.731481 0.457407 0.012963 0.016667
0 0.135185 0.460185 0.009259 0.022222
0 0.609259 0.458333 0.009259 0.025926
0 0.638889 0.407407 0.009259 0.031481
0 0.730556 0.405556 0.018519 0.061111
1 0.144444 0.488889 0.009259 0.012963
1 0.92037 0.44537 0.038889 0.07037
1 0.72037 0.339815 0.009259 0.018519
2 0.441667 0.513889 0.02963 0.02963
2 0.022685 0.512963 0.04537 0.027778
3 0.176852 0.553704 0.025926 0.046296
3 0.176852 0.523148 0.022222 0.011111
3 0.260185 0.564815 0.040741 0.109259
4 0.540278 0.819907 0.871296 0.360185
4 0.632407 0.592593 0.044444 0.02037
4 0.582407 0.592593 0.037037 0.02037
4 0.532407 0.592593 0.025926 0.02037
4 0.47963 0.592593 0.024074 0.02037
4 0.430556 0.592593 0.033333 0.02037
4 0.381481 0.592593 0.038889 0.02037
4 0.32963 0.592593 0.05 0.02037
