0 0.665741 0.465741 0.007407 0.018519
0 0.356944 0.397222 0.010185 0.025926
0 0.309259 0.368519 0.016667 0.031481
0 0.142593 0.306481 0.046296 0.140741
1 0.185185 0.464815 0.024074 0.061111
1 0.160185 0.464815 0.011111 0.061111
1 0.157407 0.394444 0.016667 0.02037
1 0.302778 0.347222 0.059259 0.007407
1 0.206481 0.352778 0.044444 0.022222
1 0.161111 0.17963 0.012963 0.042593
3 0.634722 0.530093 0.023148 0.019444
4 0.5125 0.838426 0.975 0.323148
4 0.656481 0.762963 0.157407 0.153704
4 0.503704 0.760648 0.101852 0.149074
4 0.351852 0.759722 0.157407 0.147222
4 0.800926 0.761111 0.235185 0.153704
