2 0.499074 0.518519 0.025926 0.024074
3 0.602778 0.537963 0.011111 0.018519
4 0.730556 0.75 0.092593 0.090741
4 0.896296 0.701852 0.094444 0.035185
4 0.774074 0.699074 0.068519 0.040741
4 0.206481 0.8375 0.292593 0.325
4 0.892593 0.672222 0.042593 0.024074
4 0.185648 0.815741 0.371296 0.368519
4 0.569907 0.669444 0.04537 0.077778
4 0.567593 0.648148 0.033333 0.027778
4 0.527778 0.669444 0.046296 0.077778
4 0.526389 0.664815 0.030556 0.059259
4 0.477778 0.669444 0.031481 0.077778
4 0.418519 0.669444 0.064815 0.077778
4 0.447222 0.596296 0.02963 0.02037
4 0.396296 0.598148 0.038889 0.024074
4 0.344907 0.596296 0.043519 0.02037
4 0.294444 0.596296 0.053704 0.02037
4 0.243519 0.596296 0.062963 0.02037
4 0.7 0.594444 0.057407 0.02037
4 0.649074 0.594444 0.048148 0.02037
4 0.599074 0.594444 0.040741 0.02037
4 0.55 0.594444 0.031481 0.02037
4 0.5 0.59537 0.024074 0.022222
