2 0.499074 0.517593 0.025926 0.025926
3 0.600926 0.539815 0.011111 0.025926
4 0.759259 0.77963 0.12037 0.116667
4 0.939815 0.718519 0.1 0.042593
4 0.8 0.715741 0.07963 0.048148
4 0.922222 0.683333 0.05 0.027778
4 0.217593 0.823611 0.314815 0.352778
4 0.574074 0.681481 0.05 0.090741
4 0.531481 0.681481 0.05 0.090741
4 0.525926 0.674537 0.038889 0.065741
4 0.475926 0.681481 0.035185 0.090741
4 0.412037 0.681481 0.07037 0.090741
4 0.552778 0.599074 0.033333 0.022222
4 0.499074 0.599074 0.025926 0.022222
4 0.444444 0.599074 0.031481 0.022222
4 0.205093 0.793981 0.410185 0.412037
4 0.338889 0.599074 0.05 0.022222
4 0.286111 0.599074 0.059259 0.022222
4 0.236111 0.599074 0.062963 0.022222
4 0.178704 0.6 0.081481 0.024074
4 0.759259 0.597222 0.072222 0.022222
4 0.707407 0.597222 0.061111 0.022222
4 0.655556 0.597222 0.053704 0.022222
4 0.60463 0.598148 0.040741 0.024074
