0 0.702778 0.425926 0.014815 0.046296
0 0.196296 0.40463 0.009259 0.022222
0 0.076852 0.40463 0.011111 0.022222
0 0.491667 0.385185 0.011111 0.038889
0 0.356481 0.385185 0.011111 0.038889
0 0.903704 0.232407 0.042593 0.1
1 0.146296 0.400926 0.038889 0.003704
1 0.106481 0.400926 0.014815 0.014815
1 0.552778 0.392593 0.040741 0.005556
1 0.459259 0.387963 0.016667 0.022222
1 0.67963 0.367593 0.016667 0.022222
1 0.983796 0.194444 0.032407 0.02037
2 0.44537 0.516667 0.02963 0.024074
3 0.309259 0.544444 0.031481 0.068519
