0 0.292593 0.324074 0.012963 0.035185
0 0.144444 0.324074 0.012963 0.035185
0 0.015741 0.323148 0.018519 0.033333
2 0.712037 0.514815 0.114815 0.031481
4 0.884259 0.911574 0.185185 0.176852
4 0.093056 0.911574 0.186111 0.176852
4 0.231944 0.803241 0.350926 0.393519
4 0.709259 0.584259 0.053704 0.018519
4 0.662037 0.584259 0.044444 0.018519
4 0.615278 0.584259 0.049074 0.018519
4 0.566667 0.585185 0.046296 0.02037
4 0.524074 0.583333 0.02037 0.016667
4 0.475926 0.583333 0.024074 0.016667
4 0.42963 0.584722 0.031481 0.019444
4 0.384259 0.582407 0.037037 0.018519
