2 0.501852 0.516667 0.024074 0.02037
3 0.599074 0.537963 0.011111 0.022222
4 0.945833 0.977315 0.067593 0.04537
4 0.95787 0.728704 0.084259 0.037037
4 0.918056 0.753704 0.163889 0.087037
4 0.890278 0.777778 0.219444 0.135185
4 0.637037 0.842593 0.127778 0.287037
4 0.618519 0.750926 0.057407 0.07037
4 0.565278 0.841667 0.106481 0.285185
4 0.555093 0.80463 0.065741 0.177778
4 0.455556 0.841667 0.07963 0.285185
4 0.340741 0.841667 0.172222 0.285185
4 0.711111 0.725 0.075926 0.074074
4 0.218519 0.826389 0.309259 0.347222
4 0.176389 0.826389 0.352778 0.347222
4 0.292593 0.62963 0.083333 0.038889
4 0.221296 0.630556 0.107407 0.040741
4 0.152778 0.630556 0.118519 0.040741
4 0.082407 0.630556 0.144444 0.040741
4 0.046759 0.624074 0.093519 0.027778
4 0.909259 0.626852 0.135185 0.037037
4 0.844444 0.627778 0.124074 0.038889
4 0.775926 0.627778 0.105556 0.038889
4 0.708333 0.627778 0.088889 0.038889
4 0.640278 0.627778 0.069444 0.038889
4 0.571296 0.627778 0.051852 0.038889
4 0.502778 0.628704 0.037037 0.040741
4 0.430556 0.628704 0.048148 0.040741
4 0.362037 0.630556 0.066667 0.044444
