0 0.328704 0.384259 0.014815 0.025926
0 0.209259 0.344444 0.031481 0.109259
1 0.239815 0.472222 0.014815 0.05
1 0.221296 0.471296 0.007407 0.048148
1 0.219444 0.414815 0.011111 0.016667
1 0.257407 0.37963 0.035185 0.016667
1 0.325 0.364815 0.051852 0.005556
1 0.222222 0.237963 0.009259 0.033333
3 0.658333 0.528704 0.024074 0.014815
4 0.513426 0.821759 0.973148 0.356481
4 0.819444 0.690278 0.188889 0.084259
4 0.502778 0.689815 0.07037 0.085185
4 0.394444 0.689815 0.101852 0.085185
4 0.713889 0.690741 0.144444 0.090741
4 0.611574 0.689815 0.100926 0.088889
