1 0.803704 0.489815 0.012963 0.044444
1 0.798148 0.438889 0.016667 0.046296
2 0.318519 0.528704 0.016667 0.022222
2 0.357407 0.522222 0.02037 0.024074
2 0.5 0.509259 0.02037 0.012963
2 0.44537 0.5125 0.02963 0.025
3 0.338889 0.527315 0.024074 0.049074
4 0.635648 0.589815 0.039815 0.018519
4 0.535185 0.590741 0.027778 0.02037
4 0.481481 0.590741 0.024074 0.02037
4 0.430556 0.590741 0.033333 0.02037
4 0.378241 0.590741 0.039815 0.02037
4 0.327778 0.590741 0.05 0.02037
4 0.274537 0.590741 0.058333 0.02037
4 0.585185 0.588889 0.035185 0.024074
