0 0.252778 0.469444 0.007407 0.018519
0 0.622222 0.451852 0.012963 0.027778
0 0.490741 0.426852 0.005556 0.022222
1 0.681481 0.45463 0.005556 0.025926
1 0.524074 0.426852 0.009259 0.014815
2 0.5 0.518519 0.027778 0.024074
3 0.187037 0.525 0.012963 0.011111
4 0.4875 0.851389 0.975 0.297222
4 0.064815 0.626852 0.12963 0.037037
4 0.037037 0.619444 0.074074 0.022222
4 0.682407 0.625 0.077778 0.037037
4 0.616667 0.625 0.061111 0.037037
4 0.549074 0.625 0.044444 0.037037
4 0.477778 0.625926 0.035185 0.038889
4 0.410185 0.625926 0.051852 0.038889
4 0.342593 0.625926 0.072222 0.038889
4 0.275 0.625926 0.088889 0.038889
4 0.208333 0.625926 0.107407 0.038889
4 0.139815 0.627778 0.125926 0.042593
