0 0.669444 0.465741 0.007407 0.018519
0 0.348148 0.393056 0.012963 0.026852
0 0.29537 0.359259 0.018519 0.035185
0 0.086111 0.275 0.059259 0.17037
1 0.139815 0.460185 0.033333 0.07037
1 0.110185 0.460185 0.014815 0.07037
1 0.105556 0.37963 0.024074 0.027778
1 0.287037 0.335185 0.064815 0.009259
1 0.164815 0.333333 0.05 0.024074
1 0.112037 0.133333 0.018519 0.053704
3 0.615741 0.531481 0.025926 0.016667
4 0.5 0.854167 1.0 0.291667
4 0.707407 0.842593 0.231481 0.242593
4 0.506944 0.841204 0.136111 0.243519
4 0.304167 0.840278 0.225 0.243519
