0 0.239815 0.468519 0.007407 0.016667
0 0.633333 0.449074 0.012963 0.02963
0 0.397222 0.421296 0.007407 0.022222
1 0.709259 0.449074 0.005556 0.02963
1 0.525926 0.422222 0.009259 0.016667
2 0.5 0.519444 0.027778 0.025926
3 0.132407 0.526852 0.014815 0.011111
4 0.486574 0.914352 0.973148 0.171296
4 0.565741 0.667593 0.066667 0.066667
4 0.469444 0.667593 0.048148 0.066667
4 0.380556 0.667593 0.081481 0.066667
4 0.290741 0.668519 0.116667 0.068519
4 0.199074 0.668519 0.151852 0.068519
4 0.111574 0.668519 0.182407 0.068519
4 0.065278 0.659259 0.130556 0.05
4 0.029167 0.643519 0.058333 0.018519
4 0.742593 0.665741 0.131481 0.066667
4 0.654167 0.665741 0.097222 0.066667
