0 0.012963 0.441667 0.016667 0.037037
0 0.289815 0.417593 0.007407 0.018519
0 0.187037 0.417593 0.009259 0.018519
0 0.456481 0.156481 0.037037 0.137037
0 0.046296 0.15463 0.053704 0.137037
1 0.028704 0.5 0.011111 0.016667
1 0.022222 0.473148 0.012963 0.018519
1 0.231481 0.413889 0.012963 0.011111
1 0.953704 0.332407 0.053704 0.014815
1 0.60463 0.17963 0.048148 0.072222
1 0.260185 0.187963 0.055556 0.092593
1 0.983796 0.125926 0.032407 0.042593
2 0.45463 0.513889 0.033333 0.011111
2 0.494444 0.518056 0.035185 0.028704
