0 0.349074 0.398148 0.011111 0.02037
0 0.267593 0.375926 0.025926 0.083333
1 0.288889 0.477778 0.009259 0.038889
1 0.273148 0.477778 0.003704 0.038889
1 0.302778 0.401852 0.02963 0.012963
1 0.348148 0.383333 0.046296 0.005556
3 0.678704 0.526852 0.022222 0.014815
4 0.862963 0.890278 0.22037 0.219444
4 0.514352 0.80787 0.971296 0.384259
4 0.887963 0.641667 0.161111 0.051852
4 0.812037 0.641667 0.144444 0.051852
4 0.733333 0.641667 0.116667 0.051852
4 0.500926 0.641204 0.055556 0.050926
4 0.423148 0.640741 0.07037 0.05
4 0.064815 0.624074 0.101852 0.02037
