0 0.663889 0.467593 0.007407 0.018519
0 0.360185 0.401389 0.011111 0.025
0 0.315741 0.375 0.014815 0.02963
0 0.166667 0.321296 0.038889 0.12963
1 0.20463 0.467593 0.022222 0.055556
1 0.182407 0.467593 0.011111 0.055556
1 0.17963 0.401852 0.016667 0.02037
1 0.225 0.362963 0.040741 0.02037
1 0.311111 0.352778 0.057407 0.007407
1 0.184259 0.201852 0.011111 0.038889
3 0.640741 0.52963 0.024074 0.016667
4 0.513426 0.83287 0.973148 0.334259
4 0.502778 0.734722 0.088889 0.121296
4 0.766667 0.735185 0.196296 0.124074
4 0.639815 0.734259 0.137037 0.122222
4 0.369907 0.734259 0.132407 0.122222
