2 0.501852 0.515741 0.024074 0.018519
3 0.599074 0.537963 0.011111 0.022222
4 0.973611 0.743056 0.052778 0.036111
4 0.931019 0.760185 0.137963 0.07037
4 0.902315 0.792593 0.19537 0.135185
4 0.644444 0.856944 0.127778 0.286111
4 0.630093 0.773148 0.065741 0.081481
4 0.575926 0.856944 0.127778 0.286111
4 0.5625 0.84537 0.075 0.222222
4 0.45463 0.856019 0.081481 0.287963
4 0.318519 0.856019 0.205556 0.287963
4 0.732407 0.744444 0.092593 0.090741
4 0.215741 0.830093 0.303704 0.339815
4 0.943056 0.636111 0.113889 0.033333
4 0.059259 0.637963 0.118519 0.040741
4 0.208333 0.636111 0.114815 0.044444
4 0.134259 0.636111 0.137037 0.044444
4 0.039352 0.625 0.078704 0.022222
4 0.790741 0.633333 0.116667 0.042593
4 0.719444 0.633333 0.096296 0.042593
4 0.648148 0.633333 0.075926 0.042593
4 0.575926 0.634259 0.057407 0.044444
4 0.502778 0.634259 0.037037 0.044444
4 0.427778 0.634259 0.05 0.044444
4 0.195833 0.806019 0.391667 0.387963
4 0.285185 0.634259 0.090741 0.044444
4 0.862963 0.632407 0.135185 0.044444
