0 0.214815 0.464815 0.009259 0.02037
0 0.655556 0.438889 0.016667 0.035185
0 0.487963 0.406481 0.007407 0.02963
0 0.378704 0.406481 0.007407 0.02963
1 0.780556 0.42963 0.014815 0.042593
1 0.530556 0.408333 0.011111 0.018519
1 0.641667 0.391667 0.014815 0.011111
2 0.5 0.51713 0.027778 0.026852
3 0.02037 0.52963 0.02037 0.012963
4 0.058796 0.765741 0.117593 0.074074
4 0.230093 0.863426 0.275 0.273148
4 0.121759 0.838889 0.243519 0.224074
4 0.838426 0.8625 0.323148 0.275
4 0.65463 0.8625 0.2 0.275
4 0.424074 0.8625 0.131481 0.275
4 0.898611 0.8 0.202778 0.153704
