2 0.288426 0.527778 0.021296 0.027778
2 0.425 0.526852 0.048148 0.033333
2 0.339815 0.519444 0.044444 0.022222
2 0.15787 0.541667 0.210185 0.066667
2 0.539815 0.512963 0.022222 0.012963
2 0.568519 0.511111 0.024074 0.02037
2 0.501852 0.513426 0.024074 0.026852
3 0.283333 0.547222 0.009259 0.022222
3 0.260185 0.548148 0.025926 0.035185
3 0.586111 0.517593 0.011111 0.014815
4 0.893981 0.926389 0.156481 0.147222
4 0.099537 0.801852 0.199074 0.031481
4 0.226852 0.8125 0.337037 0.375
4 0.19537 0.806019 0.390741 0.387963
