0 0.201852 0.464815 0.009259 0.02037
0 0.667593 0.436111 0.018519 0.040741
0 0.487037 0.401852 0.009259 0.031481
0 0.37037 0.400926 0.009259 0.02963
1 0.827778 0.419444 0.02037 0.051852
1 0.531481 0.401852 0.012963 0.02037
1 0.652778 0.385185 0.014815 0.009259
2 0.5 0.515741 0.027778 0.033333
4 0.068056 0.889815 0.136111 0.125926
4 0.200926 0.9125 0.222222 0.175
4 0.42037 0.911574 0.131481 0.176852
4 0.874537 0.910648 0.250926 0.178704
4 0.662963 0.910648 0.172222 0.178704
4 0.959259 0.850926 0.081481 0.062963
