2 0.499074 0.518519 0.025926 0.024074
3 0.602778 0.541667 0.011111 0.025926
3 0.600926 0.519444 0.011111 0.014815
4 0.937037 0.973611 0.072222 0.052778
4 0.1125 0.888889 0.225 0.222222
4 0.705556 0.723148 0.075926 0.074074
4 0.869444 0.687963 0.066667 0.022222
4 0.755093 0.685648 0.050926 0.026852
4 0.208333 0.833333 0.3 0.333333
4 0.862963 0.659259 0.038889 0.02037
4 0.293519 0.710648 0.144444 0.147222
4 0.564815 0.656481 0.042593 0.066667
4 0.563889 0.638889 0.02963 0.024074
4 0.525926 0.656481 0.042593 0.066667
4 0.47963 0.656481 0.027778 0.066667
4 0.425 0.656481 0.059259 0.066667
4 0.549074 0.591667 0.02963 0.018519
4 0.499537 0.591667 0.023148 0.018519
4 0.45 0.591667 0.027778 0.018519
4 0.400926 0.594444 0.033333 0.024074
4 0.350926 0.591667 0.040741 0.018519
4 0.303704 0.591667 0.05 0.018519
4 0.689815 0.589815 0.051852 0.018519
4 0.643519 0.589815 0.044444 0.018519
4 0.594907 0.589815 0.036111 0.018519
