0 0.212037 0.402778 0.007407 0.018519
0 0.164815 0.387963 0.009259 0.022222
0 0.808333 0.369444 0.011111 0.025926
0 0.111111 0.369444 0.012963 0.025926
0 0.866667 0.343519 0.016667 0.033333
0 0.974074 0.298148 0.024074 0.046296
0 0.296296 0.034722 0.038889 0.069444
0 0.014352 0.034722 0.028704 0.069444
2 0.462037 0.512037 0.018519 0.011111
2 0.292593 0.509259 0.046296 0.009259
2 0.098148 0.512963 0.157407 0.02037
2 0.205556 0.510185 0.053704 0.025926
4 0.5 0.890278 1.0 0.219444
4 0.5 0.665741 1.0 0.007407
