0 0.652778 0.469444 0.007407 0.018519
0 0.344444 0.394444 0.012963 0.02037
0 0.254167 0.367593 0.028704 0.088889
1 0.276852 0.475926 0.011111 0.042593
1 0.261111 0.475 0.005556 0.040741
1 0.291667 0.396296 0.02963 0.012963
1 0.342593 0.377778 0.046296 0.005556
3 0.676852 0.527778 0.022222 0.016667
4 0.881944 0.910648 0.184259 0.178704
4 0.512963 0.810648 0.974074 0.378704
4 0.670833 0.651852 0.100926 0.057407
4 0.835185 0.65 0.157407 0.057407
4 0.751389 0.650463 0.126852 0.058333
4 0.586574 0.65 0.075 0.057407
4 0.502778 0.65 0.055556 0.057407
4 0.416204 0.650926 0.075 0.059259
4 0.047685 0.633333 0.09537 0.024074
