0 0.110185 0.457407 0.011111 0.024074
0 0.618519 0.45463 0.012963 0.025926
0 0.775 0.448148 0.018519 0.02037
0 0.655556 0.39537 0.012963 0.033333
0 0.775 0.387963 0.022222 0.074074
1 0.474074 0.431481 0.009259 0.012963
1 0.681481 0.393519 0.038889 0.003704
1 0.761111 0.310185 0.012963 0.025926
2 0.442593 0.516667 0.031481 0.024074
3 0.261111 0.552778 0.042593 0.081481
3 0.075926 0.569444 0.068519 0.088889
4 0.4875 0.848611 0.975 0.302778
4 0.208333 0.62037 0.048148 0.02037
4 0.665741 0.614815 0.066667 0.031481
4 0.602778 0.614815 0.051852 0.031481
4 0.540741 0.614815 0.035185 0.031481
4 0.475926 0.614815 0.031481 0.031481
4 0.414815 0.614815 0.046296 0.031481
4 0.351852 0.614815 0.061111 0.031481
4 0.291667 0.614815 0.07037 0.031481
4 0.161574 0.615741 0.09537 0.033333
4 0.10463 0.614815 0.118519 0.031481
