2 0.501852 0.515741 0.024074 0.022222
3 0.599074 0.536111 0.011111 0.022222
4 0.961574 0.782407 0.076852 0.037037
4 0.929167 0.826852 0.141667 0.125926
4 0.67037 0.873611 0.157407 0.252778
4 0.658333 0.832407 0.088889 0.12037
4 0.581481 0.873611 0.131481 0.252778
4 0.455556 0.873611 0.07963 0.252778
4 0.351852 0.873611 0.112963 0.252778
4 0.77963 0.794444 0.131481 0.127778
4 0.211111 0.839352 0.283333 0.321296
4 0.098148 0.65 0.164815 0.053704
4 0.05463 0.642593 0.109259 0.038889
4 0.741667 0.647222 0.114815 0.051852
4 0.662963 0.647222 0.090741 0.051852
4 0.585185 0.647222 0.064815 0.051852
4 0.503704 0.648148 0.042593 0.053704
4 0.419444 0.648148 0.059259 0.053704
4 0.19213 0.810648 0.384259 0.378704
4 0.258333 0.649074 0.111111 0.055556
4 0.180556 0.649074 0.140741 0.055556
4 0.938426 0.639815 0.123148 0.040741
4 0.894444 0.64537 0.164815 0.051852
4 0.816667 0.646296 0.138889 0.053704
