0 0.283333 0.316667 0.012963 0.038889
0 0.128704 0.315741 0.014815 0.037037
2 0.706481 0.514815 0.118519 0.035185
4 0.914815 0.944907 0.124074 0.110185
4 0.061574 0.944907 0.123148 0.110185
4 0.201852 0.840278 0.287037 0.319444
4 0.727315 0.588889 0.071296 0.02037
4 0.670833 0.588889 0.047222 0.02037
4 0.621296 0.587963 0.037037 0.018519
4 0.572222 0.587037 0.031481 0.02037
4 0.525 0.587037 0.022222 0.02037
4 0.475 0.587037 0.025926 0.02037
4 0.42037 0.6 0.05 0.046296
4 0.380556 0.587037 0.040741 0.02037
4 0.30463 0.587037 0.109259 0.02037
