2 0.364815 0.516204 0.031481 0.013889
2 0.616667 0.511111 0.075926 0.02037
4 0.912037 0.943981 0.125926 0.112037
4 0.976389 0.874537 0.047222 0.043519
4 0.9375 0.759259 0.080556 0.05
4 0.975 0.712037 0.05 0.022222
4 0.945833 0.723148 0.108333 0.044444
4 0.88287 0.773148 0.234259 0.144444
4 0.561111 0.844444 0.105556 0.287037
4 0.550463 0.808333 0.063889 0.181481
4 0.334259 0.844444 0.177778 0.287037
4 0.859259 0.717593 0.075926 0.037037
4 0.633796 0.844444 0.125 0.290741
4 0.616204 0.751852 0.060185 0.068519
4 0.450926 0.844444 0.081481 0.290741
4 0.18287 0.818519 0.365741 0.362963
4 0.221296 0.818056 0.325926 0.363889
