0 0.115741 0.453704 0.011111 0.016667
0 0.615741 0.456481 0.011111 0.025926
0 0.762963 0.451852 0.016667 0.02037
0 0.650926 0.399074 0.011111 0.033333
0 0.762963 0.392593 0.02037 0.072222
1 0.125 0.487963 0.011111 0.011111
1 0.474074 0.433333 0.009259 0.012963
1 0.675926 0.397222 0.038889 0.003704
1 0.749074 0.319444 0.011111 0.022222
2 0.441667 0.513889 0.02963 0.02963
3 0.110185 0.562037 0.051852 0.077778
3 0.261111 0.559259 0.042593 0.094444
4 0.4875 0.8375 0.975 0.325
4 0.043056 0.613889 0.073148 0.018519
4 0.655556 0.608333 0.057407 0.025926
4 0.597222 0.608333 0.044444 0.025926
4 0.537963 0.608333 0.033333 0.025926
4 0.476852 0.608333 0.02963 0.025926
4 0.419444 0.608333 0.040741 0.025926
4 0.358796 0.609259 0.052778 0.027778
4 0.300926 0.609259 0.066667 0.027778
4 0.182407 0.610185 0.092593 0.02963
4 0.124074 0.609259 0.105556 0.027778
