1 0.577778 0.49537 0.016667 0.018519
4 0.956944 0.878241 0.086111 0.076852
4 0.832407 0.918056 0.222222 0.163889
4 0.601852 0.915278 0.135185 0.169444
4 0.352778 0.9125 0.17037 0.175
4 0.129167 0.909722 0.258333 0.180556
4 0.043981 0.849074 0.087963 0.066667
4 0.105556 0.728704 0.094444 0.040741
4 0.055093 0.726852 0.110185 0.040741
4 0.102315 0.675926 0.060185 0.016667
4 0.208333 0.705556 0.118519 0.087037
4 0.290278 0.653704 0.04537 0.016667
4 0.711574 0.696296 0.149074 0.138889
4 0.336111 0.689815 0.133333 0.144444
