0 0.825 0.426852 0.02963 0.02963
0 0.612037 0.398148 0.011111 0.031481
0 0.661111 0.37037 0.016667 0.042593
0 0.878704 0.335185 0.044444 0.116667
1 0.855556 0.494444 0.031481 0.05
1 0.636111 0.387037 0.007407 0.024074
1 0.713889 0.355556 0.051852 0.009259
2 0.95 0.532407 0.012963 0.025926
2 0.311574 0.509722 0.043519 0.013889
2 0.398148 0.512037 0.031481 0.02963
2 0.948148 0.502315 0.016667 0.034259
3 0.458333 0.526852 0.014815 0.044444
4 0.821296 0.834722 0.357407 0.330556
4 0.319444 0.673148 0.051852 0.062963
