0 0.578704 0.468519 0.011111 0.012963
0 0.521296 0.422222 0.007407 0.024074
0 0.597222 0.427778 0.011111 0.046296
0 0.0125 0.324074 0.025 0.046296
0 0.011574 0.287963 0.023148 0.011111
1 0.588889 0.500926 0.005556 0.022222
1 0.636111 0.478704 0.007407 0.025926
2 0.887037 0.522222 0.016667 0.02037
2 0.231019 0.512963 0.026852 0.012963
2 0.375926 0.512963 0.024074 0.016667
2 0.319444 0.518981 0.033333 0.028704
3 0.4 0.525463 0.016667 0.034259
4 0.827778 0.849537 0.344444 0.300926
4 0.29213 0.690741 0.050926 0.072222
