4 0.710185 0.931019 0.166667 0.137963
4 0.577778 0.931019 0.124074 0.137963
4 0.434259 0.931019 0.107407 0.137963
4 0.281481 0.931019 0.15 0.137963
4 0.86713 0.893056 0.213889 0.213889
4 0.172222 0.725 0.216667 0.118519
4 0.095833 0.717593 0.191667 0.103704
4 0.050463 0.687963 0.100926 0.044444
4 0.976389 0.672222 0.047222 0.016667
4 0.931944 0.694444 0.136111 0.061111
4 0.8875 0.723148 0.225 0.118519
4 0.786574 0.723148 0.199074 0.118519
4 0.666667 0.723148 0.138889 0.118519
4 0.547222 0.724074 0.077778 0.12037
4 0.412963 0.724074 0.094444 0.12037
4 0.185648 0.831944 0.371296 0.336111
