2 0.502778 0.513889 0.022222 0.018519
3 0.59537 0.534259 0.011111 0.022222
4 0.726852 0.969907 0.125926 0.060185
4 0.587963 0.969907 0.107407 0.060185
4 0.432407 0.968981 0.122222 0.062037
4 0.275926 0.968981 0.109259 0.062037
4 0.921296 0.943981 0.125926 0.112037
4 0.179167 0.879167 0.221296 0.241667
4 0.177315 0.827315 0.350926 0.34537
4 0.165741 0.706481 0.203704 0.103704
4 0.09213 0.702315 0.184259 0.09537
4 0.049537 0.675 0.099074 0.040741
4 0.835185 0.701852 0.205556 0.098148
4 0.726852 0.702778 0.155556 0.1
4 0.619444 0.702778 0.107407 0.1
4 0.506481 0.703704 0.062963 0.101852
4 0.388889 0.703704 0.098148 0.101852
4 0.946759 0.672222 0.106481 0.042593
4 0.90787 0.697222 0.184259 0.092593
4 0.960648 0.60463 0.078704 0.003704
