0 0.208333 0.402778 0.007407 0.018519
0 0.168519 0.389815 0.009259 0.022222
0 0.762963 0.387963 0.009259 0.022222
0 0.803704 0.371296 0.012963 0.025926
0 0.874074 0.341667 0.016667 0.033333
0 0.196296 0.20463 0.024074 0.066667
0 0.377778 0.203704 0.02037 0.068519
2 0.125 0.512037 0.151852 0.018519
2 0.225926 0.509259 0.046296 0.024074
4 0.881944 0.911574 0.184259 0.176852
4 0.144444 0.856019 0.288889 0.287963
4 0.196296 0.85 0.272222 0.3
4 0.493981 0.686111 0.987963 0.059259
4 0.4375 0.612037 0.875 0.003704
