0 0.048148 0.450926 0.012963 0.02963
0 0.640741 0.448148 0.012963 0.031481
0 0.399074 0.419444 0.007407 0.025926
0 0.931481 0.42037 0.042593 0.035185
0 0.701852 0.366667 0.016667 0.046296
0 0.935185 0.322222 0.05 0.127778
1 0.057407 0.486111 0.012963 0.014815
1 0.47037 0.421296 0.009259 0.014815
1 0.624074 0.406481 0.009259 0.014815
1 0.882407 0.375926 0.025926 0.016667
1 0.739815 0.360185 0.051852 0.007407
1 0.900926 0.210185 0.033333 0.051852
2 0.499074 0.512037 0.018519 0.011111
2 0.44537 0.513889 0.02963 0.02963
3 0.285185 0.547222 0.038889 0.074074
4 0.799074 0.70463 0.188889 0.1
4 0.688889 0.70463 0.135185 0.1
4 0.578704 0.70463 0.085185 0.1
4 0.455556 0.705556 0.068519 0.101852
4 0.34537 0.705556 0.122222 0.101852
4 0.235185 0.705556 0.172222 0.101852
4 0.123148 0.705556 0.222222 0.101852
4 0.075463 0.689815 0.150926 0.07037
4 0.034722 0.667593 0.069444 0.025926
