0 0.649074 0.47037 0.007407 0.016667
0 0.352778 0.400926 0.011111 0.018519
0 0.27963 0.381481 0.024074 0.07963
1 0.299074 0.478704 0.007407 0.037037
1 0.284259 0.478704 0.003704 0.037037
1 0.312037 0.407407 0.025926 0.012963
1 0.353704 0.387037 0.042593 0.005556
3 0.685185 0.526852 0.02037 0.014815
4 0.847222 0.872685 0.251852 0.25463
4 0.968981 0.633333 0.062037 0.024074
4 0.922222 0.618519 0.061111 0.016667
4 0.513426 0.804167 0.973148 0.391667
4 0.864352 0.631944 0.147222 0.043519
4 0.501389 0.630556 0.049074 0.044444
4 0.429167 0.630556 0.062037 0.044444
