4 0.775 0.797222 0.12963 0.12963
4 0.84213 0.751852 0.091667 0.046296
4 0.973611 0.738889 0.052778 0.046296
4 0.965741 0.70463 0.059259 0.033333
4 0.82037 0.662963 0.046296 0.02037
4 0.763889 0.659259 0.044444 0.012963
4 0.768519 0.69213 0.135185 0.078704
4 0.583333 0.708333 0.057407 0.114815
4 0.57963 0.675 0.037037 0.037037
4 0.536111 0.708333 0.059259 0.114815
4 0.531019 0.699074 0.039815 0.081481
4 0.473148 0.708333 0.040741 0.114815
4 0.4 0.708333 0.087037 0.114815
4 0.22037 0.819907 0.32037 0.360185
4 0.185185 0.816204 0.37037 0.367593
4 0.832407 0.617593 0.103704 0.033333
4 0.77037 0.616667 0.090741 0.031481
4 0.708333 0.616667 0.077778 0.031481
4 0.646296 0.616667 0.061111 0.031481
4 0.584259 0.616667 0.048148 0.031481
4 0.523148 0.616667 0.033333 0.031481
4 0.456481 0.616667 0.037037 0.031481
4 0.394444 0.621296 0.05 0.040741
4 0.333796 0.616667 0.063889 0.031481
4 0.268519 0.617593 0.083333 0.033333
4 0.206481 0.617593 0.1 0.033333
4 0.14213 0.617593 0.112037 0.033333
4 0.108333 0.612037 0.074074 0.022222
