2 0.502778 0.516667 0.022222 0.016667
3 0.592593 0.535185 0.009259 0.02037
4 0.14537 0.926389 0.144444 0.147222
4 0.113426 0.766667 0.226852 0.161111
4 0.063426 0.718981 0.126852 0.065741
4 0.509259 0.764815 0.087037 0.161111
4 0.35463 0.765741 0.140741 0.162963
4 0.168056 0.84213 0.321296 0.315741
4 0.934722 0.714815 0.130556 0.064815
4 0.885648 0.758333 0.228704 0.151852
4 0.793981 0.762037 0.236111 0.159259
4 0.655556 0.762963 0.157407 0.161111
4 0.981019 0.687963 0.037963 0.014815
4 0.958796 0.606481 0.082407 0.003704
