0 0.218519 0.464815 0.009259 0.02037
0 0.651852 0.440741 0.016667 0.035185
0 0.382407 0.409259 0.007407 0.027778
0 0.487963 0.408796 0.007407 0.030556
1 0.768519 0.434259 0.012963 0.040741
1 0.528704 0.410185 0.011111 0.018519
1 0.638889 0.394444 0.012963 0.009259
2 0.5 0.519444 0.027778 0.025926
3 0.037037 0.52963 0.02037 0.012963
4 0.018056 0.719444 0.036111 0.018519
4 0.256481 0.82963 0.244444 0.242593
4 0.13287 0.830556 0.265741 0.244444
4 0.076389 0.756481 0.152778 0.096296
4 0.809722 0.825 0.29537 0.237037
4 0.637037 0.826852 0.175926 0.240741
4 0.431481 0.827778 0.116667 0.242593
4 0.886574 0.790741 0.226852 0.172222
