0 0.62037 0.453704 0.012963 0.027778
1 0.675926 0.457407 0.005556 0.024074
1 0.043519 0.418519 0.044444 0.009259
1 0.008796 0.409259 0.017593 0.009259
2 0.5 0.519444 0.027778 0.025926
3 0.199074 0.525 0.011111 0.011111
4 0.486574 0.843056 0.973148 0.313889
4 0.546296 0.618519 0.038889 0.031481
4 0.47963 0.619444 0.031481 0.033333
4 0.414815 0.619444 0.046296 0.033333
4 0.35 0.619444 0.061111 0.033333
4 0.287963 0.619444 0.077778 0.033333
4 0.224074 0.619444 0.094444 0.033333
4 0.160185 0.621296 0.107407 0.037037
4 0.096296 0.619444 0.124074 0.033333
4 0.051389 0.616667 0.102778 0.027778
4 0.671296 0.617593 0.07037 0.033333
4 0.608333 0.617593 0.055556 0.033333
