0 0.802778 0.433333 0.02963 0.027778
0 0.605093 0.403241 0.010185 0.030556
0 0.650926 0.375926 0.014815 0.042593
0 0.851852 0.347222 0.038889 0.107407
1 0.840741 0.497222 0.012963 0.048148
1 0.824074 0.497222 0.012963 0.048148
1 0.99213 0.44537 0.015741 0.07037
1 0.628704 0.392593 0.007407 0.024074
1 0.701852 0.362963 0.05 0.009259
2 0.317593 0.512037 0.062963 0.014815
2 0.394444 0.518519 0.031481 0.024074
2 0.940741 0.500926 0.005556 0.02963
2 0.923148 0.503704 0.014815 0.035185
3 0.455556 0.528704 0.016667 0.044444
4 0.802315 0.820833 0.39537 0.358333
4 0.324074 0.665741 0.046296 0.055556
