4 0.846296 0.875926 0.201852 0.201852
4 0.158796 0.843056 0.317593 0.313889
4 0.20463 0.842593 0.285185 0.314815
4 0.808333 0.656481 0.044444 0.014815
4 0.709722 0.653704 0.041667 0.02037
4 0.431481 0.647222 0.038889 0.02963
4 0.557407 0.637037 0.035185 0.05
4 0.556481 0.625926 0.025926 0.024074
4 0.522222 0.637037 0.035185 0.05
4 0.521759 0.633796 0.028704 0.039815
4 0.483333 0.637037 0.024074 0.05
4 0.371296 0.592593 0.037037 0.016667
4 0.323148 0.592593 0.044444 0.016667
4 0.659259 0.591667 0.046296 0.018519
4 0.612037 0.591667 0.037037 0.018519
4 0.564815 0.591667 0.031481 0.018519
4 0.516667 0.591667 0.024074 0.018519
4 0.467593 0.591667 0.025926 0.018519
4 0.41713 0.593981 0.037963 0.023148
