2 0.368519 0.512963 0.031481 0.012963
2 0.62037 0.511111 0.07963 0.02037
4 0.889815 0.91713 0.174074 0.165741
4 0.938426 0.760185 0.123148 0.077778
4 0.95 0.694444 0.075926 0.02037
4 0.903704 0.701852 0.083333 0.035185
4 0.82963 0.699074 0.068519 0.02963
4 0.872685 0.784259 0.25463 0.2
4 0.614815 0.79537 0.098148 0.222222
4 0.60463 0.726389 0.051852 0.058333
4 0.552778 0.79537 0.088889 0.222222
4 0.547222 0.768519 0.059259 0.146296
4 0.459259 0.79537 0.068519 0.222222
4 0.357407 0.794444 0.142593 0.22037
4 0.215741 0.822685 0.318519 0.35463
4 0.184722 0.816204 0.369444 0.367593
