0 0.037963 0.45 0.014815 0.031481
0 0.644444 0.447222 0.012963 0.033333
0 0.493519 0.417593 0.007407 0.025926
0 0.397222 0.417593 0.007407 0.025926
0 0.968519 0.414815 0.042593 0.038889
0 0.709259 0.360648 0.016667 0.049074
0 0.970833 0.307407 0.058333 0.142593
1 0.048148 0.486111 0.012963 0.014815
1 0.47037 0.419444 0.009259 0.014815
1 0.627778 0.40463 0.009259 0.014815
1 0.910185 0.367593 0.02963 0.018519
1 0.75 0.35463 0.057407 0.007407
1 0.930556 0.189815 0.040741 0.059259
2 0.5 0.513889 0.02037 0.011111
2 0.44537 0.517593 0.02963 0.022222
3 0.288889 0.553704 0.038889 0.087037
4 0.836111 0.72963 0.22963 0.124074
4 0.7125 0.72963 0.162037 0.124074
4 0.589815 0.72963 0.1 0.124074
4 0.450926 0.72963 0.077778 0.124074
4 0.326852 0.72963 0.144444 0.124074
4 0.201389 0.730556 0.208333 0.125926
4 0.10787 0.730556 0.215741 0.125926
4 0.0625 0.696296 0.125 0.057407
4 0.01713 0.674074 0.034259 0.012963
