2 0.5 0.51713 0.027778 0.023148
3 0.600926 0.538889 0.011111 0.024074
3 0.599074 0.518519 0.011111 0.012963
4 0.79537 0.814815 0.148148 0.146296
4 0.967593 0.731481 0.064815 0.05
4 0.955556 0.697222 0.053704 0.033333
4 0.7625 0.657407 0.043519 0.016667
4 0.787037 0.706481 0.17963 0.114815
4 0.580556 0.696296 0.055556 0.105556
4 0.57963 0.666204 0.037037 0.034259
4 0.534259 0.696296 0.055556 0.105556
4 0.531481 0.687963 0.038889 0.077778
4 0.474074 0.696296 0.038889 0.105556
4 0.405556 0.696296 0.07963 0.105556
4 0.22963 0.808796 0.338889 0.382407
4 0.664815 0.601852 0.057407 0.024074
4 0.610185 0.601852 0.048148 0.024074
4 0.555556 0.601852 0.035185 0.024074
4 0.5 0.601852 0.027778 0.024074
4 0.443519 0.601852 0.033333 0.024074
4 0.205093 0.794907 0.410185 0.410185
4 0.332407 0.602778 0.055556 0.025926
4 0.277778 0.602778 0.068519 0.025926
4 0.222222 0.602778 0.07963 0.025926
4 0.715741 0.6 0.066667 0.024074
