0 0.018519 0.446296 0.012963 0.031481
0 0.650926 0.443519 0.014815 0.033333
0 0.493519 0.412037 0.007407 0.025926
0 0.391667 0.412963 0.007407 0.027778
0 0.726852 0.349074 0.018519 0.051852
1 0.030556 0.485185 0.014815 0.016667
1 0.469444 0.414815 0.011111 0.016667
1 0.633333 0.399074 0.009259 0.018519
1 0.772222 0.340741 0.061111 0.009259
1 0.971296 0.34537 0.040741 0.025926
1 0.986574 0.147222 0.026852 0.055556
2 0.44537 0.515741 0.02963 0.022222
3 0.291667 0.552778 0.033333 0.088889
4 0.879167 0.786111 0.241667 0.185185
4 0.775926 0.792593 0.25 0.198148
4 0.617593 0.793519 0.144444 0.2
4 0.433333 0.793519 0.109259 0.2
4 0.275 0.793519 0.214815 0.2
4 0.138426 0.793519 0.276852 0.2
4 0.085648 0.74537 0.171296 0.103704
4 0.031944 0.708333 0.063889 0.02963
