4 0.741667 0.761111 0.103704 0.101852
4 0.95 0.726852 0.094444 0.037037
4 0.806019 0.723148 0.080556 0.044444
4 0.930556 0.689815 0.051852 0.033333
4 0.748148 0.650926 0.038889 0.014815
4 0.74213 0.673148 0.108333 0.059259
4 0.402778 0.690741 0.062963 0.094444
4 0.532407 0.689815 0.051852 0.096296
4 0.52963 0.681944 0.035185 0.069444
4 0.576852 0.688889 0.051852 0.098148
4 0.576852 0.663889 0.035185 0.033333
4 0.475 0.688889 0.037037 0.098148
4 0.18287 0.818519 0.365741 0.362963
4 0.240741 0.798611 0.364815 0.402778
4 0.339815 0.611111 0.059259 0.027778
4 0.280556 0.611111 0.07037 0.027778
4 0.22037 0.611111 0.083333 0.027778
4 0.162037 0.611111 0.096296 0.027778
4 0.100463 0.611111 0.106481 0.027778
4 0.816667 0.611111 0.098148 0.031481
4 0.756944 0.610185 0.084259 0.02963
4 0.698148 0.610185 0.072222 0.02963
4 0.638889 0.610185 0.057407 0.02963
4 0.580556 0.610185 0.044444 0.02963
4 0.52037 0.610185 0.031481 0.02963
4 0.459259 0.610185 0.035185 0.02963
