0 0.222222 0.466667 0.009259 0.02037
0 0.649074 0.442593 0.014815 0.035185
0 0.384259 0.412037 0.007407 0.025926
0 0.487963 0.412037 0.007407 0.02963
1 0.756481 0.437037 0.011111 0.038889
1 0.528704 0.412963 0.011111 0.016667
1 0.635185 0.398148 0.012963 0.009259
2 0.5 0.515741 0.027778 0.033333
3 0.052778 0.530556 0.022222 0.014815
4 0.14213 0.784259 0.284259 0.185185
4 0.091204 0.749074 0.182407 0.114815
4 0.039352 0.710185 0.078704 0.037037
4 0.763426 0.77963 0.230556 0.17963
4 0.615741 0.780556 0.140741 0.181481
4 0.443519 0.781481 0.096296 0.183333
4 0.293519 0.782407 0.192593 0.185185
4 0.875463 0.777778 0.249074 0.17963
