0 0.003241 0.439815 0.006481 0.022222
0 0.657407 0.441667 0.012963 0.037037
0 0.256481 0.422222 0.007407 0.016667
0 0.160185 0.423148 0.007407 0.018519
0 0.493519 0.409259 0.007407 0.027778
0 0.387963 0.409259 0.007407 0.027778
0 0.744444 0.337963 0.02037 0.059259
1 0.010185 0.485185 0.014815 0.016667
1 0.184259 0.419444 0.011111 0.011111
1 0.467593 0.412037 0.011111 0.018519
1 0.639815 0.39537 0.011111 0.018519
1 0.79537 0.327778 0.066667 0.009259
2 0.44537 0.512963 0.02963 0.027778
3 0.299074 0.55 0.033333 0.07963
4 0.904167 0.80787 0.191667 0.147222
4 0.841204 0.86713 0.317593 0.265741
4 0.648148 0.86713 0.187037 0.265741
4 0.415741 0.86713 0.140741 0.265741
4 0.218519 0.86713 0.27963 0.265741
4 0.116204 0.837963 0.232407 0.207407
4 0.052315 0.765741 0.10463 0.062963
