0 0.207407 0.464815 0.009259 0.02037
0 0.662963 0.437037 0.016667 0.038889
0 0.487963 0.402778 0.007407 0.02963
0 0.373148 0.402778 0.007407 0.033333
1 0.810185 0.424074 0.018519 0.046296
1 0.531481 0.40463 0.012963 0.018519
1 0.649074 0.387963 0.014815 0.011111
2 0.5 0.516667 0.027778 0.031481
4 0.014352 0.793519 0.028704 0.018519
4 0.214815 0.891204 0.242593 0.217593
4 0.09213 0.867593 0.184259 0.17037
4 0.422222 0.890278 0.131481 0.219444
4 0.85787 0.889352 0.284259 0.221296
4 0.658333 0.889352 0.181481 0.221296
4 0.93287 0.828704 0.134259 0.103704
